$SPEC_ID:
No sample description was entered.
$SPEC_REM:
DET# 1
DETDESC# SPACESCIENCE4 digiBASE-RH SN 15121435
AP# Maestro Version 7.01
$DATE_MEA:
10/14/2024 15:48:36
$MEAS_TIM:
306 306
$DATA:
0 1023
       0
       0
       0
       0
       0
     149
     508
     382
     212
     133
      83
      68
      93
     108
     118
     160
     160
     161
     152
     135
     145
     122
      92
      80
     102
      85
      89
     106
     127
     122
     128
     148
     152
     167
     172
     180
     193
     209
     157
     196
     196
     162
     184
     175
     174
     185
     185
     223
     218
     186
     207
     215
     202
     178
     174
     178
     212
     191
     205
     195
     186
     181
     175
     185
     216
     182
     170
     159
     173
     190
     179
     193
     154
     168
     145
     158
     153
     159
     152
     149
     136
     147
     142
     140
     134
     127
     116
     132
     126
     128
     133
     120
     131
     126
     106
     107
     124
     118
     101
     115
     100
     109
     126
     128
      98
     132
      95
      92
      86
      84
      94
      87
      94
      82
      92
      75
      88
      76
      71
      89
      88
      72
      69
      69
      69
      74
      59
      70
      66
      54
      73
      70
      85
      59
      64
      72
      66
      72
      71
      68
      65
      56
      61
      59
      55
      51
      60
      57
      54
      47
      55
      66
      43
      38
      38
      60
      51
      38
      55
      54
      57
      50
      50
      42
      41
      51
      35
      50
      39
      42
      24
      32
      30
      53
      38
      43
      39
      42
      47
      34
      36
      30
      38
      21
      29
      34
      38
      39
      32
      24
      30
      32
      38
      35
      34
      39
      31
      27
      23
      24
      29
      27
      32
      29
      26
      17
      27
      20
      22
      19
      15
      30
      18
      29
      20
      24
      16
      26
      18
      12
      18
      24
      13
      22
      27
      18
      21
      21
      22
      22
      21
      20
      22
      21
      16
      21
      13
      22
      15
      19
      15
      16
      15
      17
      20
      17
      22
      17
      25
      16
      14
      20
      17
      11
      12
      15
      21
      17
      11
      11
      20
      15
      15
      15
      15
      19
      19
       9
      18
      11
      21
      14
      11
       8
      11
      23
      15
      18
      10
      13
      16
       6
      16
      10
      16
       8
      10
      10
       4
      10
      12
      15
      14
      16
      10
      15
      15
      10
      20
      12
      15
      15
       9
       7
      22
      17
      13
      11
      11
      16
      15
       3
       8
      13
      15
       8
      13
      12
      19
      15
      18
      14
       8
      10
       5
       6
      14
       7
      12
      12
      12
      16
      18
      17
       9
      10
      10
      13
       8
       6
      12
      10
      12
      13
       7
      12
       5
      10
      16
      14
       4
      13
       6
       4
       7
       8
       7
       9
       9
       6
       7
      10
       8
       6
       8
       8
       9
       7
       9
       7
       7
      14
       9
       8
       5
       5
       7
       8
       8
       4
       6
       4
       6
       7
      10
      14
      11
       6
       8
       4
       7
       3
       7
      10
       7
      11
       5
       6
      11
       7
       7
       6
       4
      13
       6
       6
       4
       7
       7
      10
      12
      10
       6
       3
       6
       8
       7
       6
      12
       5
       4
      11
       7
      13
       6
       6
      11
       4
      10
       9
       3
       9
       6
       5
       8
      11
       8
       9
      11
      10
       6
       8
       6
       8
       2
       6
       5
       3
       6
       6
      13
       7
       5
       6
       7
       5
       5
       6
       8
       7
       8
       7
       9
      10
       5
       6
      10
       4
       1
      11
      10
       7
       9
       9
       6
       7
       6
       6
       5
       8
       7
       6
       8
       6
       7
       4
       9
       2
       8
       7
       7
      10
       3
       8
       5
       8
       5
       8
       6
       6
       3
       9
       3
       7
       4
       6
       6
       6
       4
       8
       4
       7
       6
       4
       9
       9
       5
       3
       9
       5
       8
       3
       2
       3
       6
       5
       4
       8
       8
       3
       6
       4
       4
       2
       5
       3
       5
       7
       4
       4
       6
       5
       1
       7
       5
       2
       4
       1
       5
       2
       6
       5
       5
       4
       1
       3
       4
       7
       2
       9
       6
       7
       2
       7
      12
      10
       7
       5
       5
      10
       2
       7
       4
      10
       3
       4
       6
       5
       5
       3
       5
       7
       6
       4
       2
       3
       5
       8
       6
       5
       4
       9
       9
       7
       4
       8
       9
       6
       5
       7
       7
       5
       4
      12
       5
       6
       7
       6
      11
       6
       4
       6
      10
       5
       4
       3
       5
       8
       7
       4
      12
       4
       7
       8
      10
       3
       4
       7
       1
       9
       9
       3
       8
       8
       4
       8
       6
       6
       7
       1
       5
       6
       4
       3
       8
       8
       6
       4
       4
       3
       6
       4
       6
       6
       5
       5
       4
       4
       5
       5
       4
       5
       5
       7
       5
       4
       5
       5
       4
       2
       2
       7
       2
       4
       6
       8
       7
       4
       4
       6
       7
       3
       9
       3
       5
       4
       2
       3
       3
       8
       5
       5
       5
       8
       3
       5
       8
       6
       8
       1
       9
       4
      10
       2
       5
       7
      11
       4
       4
       3
       4
       7
       6
       5
       4
       5
       6
       3
       3
       4
       4
       3
       4
       1
       2
       3
       2
       4
       4
       5
       3
       1
       4
       3
       5
       4
       2
       7
       6
       6
       8
       5
       4
       2
       4
       4
       2
       1
       2
       4
       3
       2
       5
       5
       2
       3
       3
       6
       4
       2
       2
       6
       3
       6
       1
       1
       2
       2
       4
       4
       3
       2
       5
       2
       3
       2
       4
       4
       1
       6
       4
       1
       1
       5
       1
       2
       2
       3
       3
       1
       3
       1
       0
       1
       2
       2
       0
       2
       2
       4
       1
       4
       3
       3
       0
       1
       1
       2
       0
       1
       2
       0
       2
       1
       1
       2
       3
       1
       2
       0
       1
       1
       0
       2
       1
       3
       0
       0
       1
       0
       3
       0
       2
       2
       1
       0
       0
       0
       1
       2
       1
       1
       0
       0
       3
       1
       0
       1
       0
       2
       1
       0
       1
       1
       1
       0
       2
       0
       2
       1
       0
       2
       2
       0
       0
       1
       4
       2
       0
       1
       1
       0
       0
       1
       1
       1
       1
       3
       1
       1
       0
       0
       0
       2
       1
       0
       2
       1
       0
       0
       0
       1
       0
       0
       0
       0
       0
       0
       0
       0
       2
       1
       1
       0
       0
       0
       3
       0
       1
       1
       0
       1
       1
       0
       0
       0
       2
       0
       0
       0
       0
       0
       2
       1
       0
       2
       1
       1
       1
       0
       0
       0
       1
       0
       0
       0
       1
       2
       0
       0
       0
       0
       0
       1
       0
       1
       0
       1
       1
       0
       0
       0
       0
       0
       2
       1
       0
       0
       0
       0
       2
       0
       0
       0
       0
       1
       2
       2
       0
       0
       1
       0
       1
       0
       0
       1
       0
       0
       2
       1
       0
       0
       0
       0
       0
       0
       0
       0
       0
       0
       0
       0
       0
       0
       0
       0
       0
       0
       1
       0
       0
       0
       1
       0
       0
       0
       0
       0
       0
       0
       1
       0
       0
       0
       0
       0
       0
       0
       1
       0
       1
       0
       0
       1
$ROI:
3
24 57
296 426
560 760
$PRESETS:
None
0
0
$ENER_FIT:
-8.735224 1.899029
$MCA_CAL:
3
-8.735224E+000 1.899029E+000 0.000000E+000 keV
$SHAPE_CAL:
3
6.150479E+000 1.062013E-001 0.000000E+000
