$SPEC_ID:
No sample description was entered.
$SPEC_REM:
DET# 1
DETDESC# SPACESCIENCE4 digiBASE-RH SN 15121435
AP# Maestro Version 7.01
$DATE_MEA:
10/14/2024 14:54:49
$MEAS_TIM:
150 151
$DATA:
0 1023
       0
       0
       0
       0
       0
     613
    2293
    1509
     859
     584
     501
     473
     596
     700
     859
    1057
    1261
    1296
    1417
    1314
    1212
     979
     847
     750
     565
     524
     453
     393
     393
     380
     397
     412
     407
     431
     426
     401
     438
     446
     466
     483
     454
     489
     523
     477
     521
     501
     517
     546
     545
     573
     591
     571
     518
     588
     575
     580
     590
     599
     598
     623
     576
     602
     612
     632
     617
     606
     590
     642
     639
     634
     584
     620
     655
     658
     664
     670
     624
     650
     640
     607
     639
     646
     599
     617
     650
     578
     622
     683
     593
     621
     662
     681
     644
     695
     668
     752
     718
     693
     740
     699
     709
     727
     732
     729
     724
     695
     701
     718
     713
     706
     711
     721
     755
     706
     767
     742
     680
     662
     709
     686
     665
     662
     743
     660
     649
     649
     685
     651
     653
     635
     670
     671
     655
     584
     654
     617
     633
     574
     605
     575
     629
     584
     552
     601
     577
     549
     518
     528
     566
     525
     513
     549
     519
     483
     539
     537
     524
     477
     507
     513
     494
     485
     495
     428
     465
     481
     457
     466
     446
     459
     419
     440
     409
     444
     418
     440
     466
     447
     420
     407
     418
     403
     421
     425
     410
     407
     398
     397
     404
     398
     416
     391
     387
     403
     392
     427
     398
     382
     420
     393
     380
     415
     359
     360
     420
     417
     386
     373
     367
     338
     371
     384
     379
     365
     391
     337
     404
     341
     362
     391
     374
     345
     381
     371
     349
     355
     347
     277
     304
     299
     337
     283
     306
     287
     308
     292
     288
     288
     289
     268
     275
     244
     260
     268
     224
     229
     225
     221
     212
     191
     178
     160
     196
     212
     186
     163
     176
     162
     147
     139
     140
     126
     129
     130
     154
     142
     108
     100
     119
     101
      89
     121
     121
     106
      99
      89
     111
      91
     101
      90
      74
      92
      71
     113
      77
      71
      92
      77
      91
      74
      76
      84
      96
      70
      81
     106
      81
      98
      98
     102
      93
      98
     114
     112
     125
     131
     132
     124
     144
     174
     177
     159
     166
     171
     205
     212
     226
     217
     293
     276
     297
     289
     309
     361
     375
     408
     390
     388
     433
     454
     518
     467
     537
     554
     598
     599
     591
     700
     662
     753
     729
     726
     732
     753
     737
     790
     813
     762
     796
     818
     751
     823
     824
     841
     789
     815
     826
     796
     790
     751
     801
     745
     681
     726
     646
     714
     660
     630
     618
     623
     557
     549
     544
     518
     492
     486
     442
     457
     425
     395
     386
     393
     355
     318
     270
     333
     313
     313
     268
     260
     261
     246
     214
     241
     207
     203
     169
     165
     183
     181
     192
     156
     146
     149
     135
     145
     150
     128
     112
     117
     102
     105
      86
      96
     113
      75
      92
      74
      89
      79
      77
      88
      79
      60
      67
      65
      62
      59
      61
      53
      56
      52
      54
      42
      51
      38
      45
      40
      44
      36
      37
      34
      34
      24
      36
      35
      37
      32
      29
      29
      27
      25
      25
      20
      24
      17
      16
      23
      25
      20
      10
      20
       9
      13
      21
       7
      13
      12
      17
      13
       8
       5
       3
       8
       7
       6
       9
       7
       6
      10
       7
      10
       8
       6
       7
       5
       5
       6
       3
       5
       3
       7
       3
       8
       6
       3
       4
       6
       4
       4
       6
       3
       1
       2
       5
       7
       6
       8
       0
       4
       4
       2
       3
       5
       2
       2
       5
       3
       5
       0
       3
       2
       2
       4
       3
       4
       2
       2
       1
       4
       3
       1
       3
       6
       2
       2
       1
       2
       1
       2
       2
       1
       1
       2
       3
       1
       3
       1
       0
       2
       1
       2
       2
       4
       3
       4
       3
       0
       0
       0
       4
       1
       0
       0
       1
       2
       1
       3
       4
       3
       0
       1
       2
       2
       0
       2
       3
       2
       3
       3
       3
       3
       3
       1
       2
       0
       1
       0
       1
       2
       1
       0
       2
       1
       2
       2
       1
       0
       0
       3
       1
       2
       0
       1
       1
       0
       1
       2
       3
       2
       1
       2
       1
       3
       0
       1
       0
       1
       1
       2
       2
       2
       3
       1
       0
       1
       0
       1
       1
       2
       1
       2
       1
       1
       0
       1
       0
       0
       3
       0
       3
       2
       1
       1
       0
       1
       5
       2
       0
       3
       0
       1
       1
       1
       2
       0
       1
       0
       1
       0
       1
       0
       1
       2
       0
       2
       1
       1
       2
       3
       0
       0
       1
       1
       1
       0
       3
       0
       0
       0
       1
       0
       0
       1
       0
       0
       1
       2
       0
       1
       3
       2
       0
       2
       0
       0
       2
       0
       0
       1
       0
       0
       1
       1
       3
       0
       0
       3
       1
       0
       1
       3
       3
       0
       0
       1
       0
       1
       1
       0
       0
       2
       1
       0
       1
       1
       3
       1
       4
       2
       0
       1
       2
       2
       1
       1
       1
       4
       0
       1
       1
       1
       0
       0
       0
       5
       1
       0
       2
       0
       2
       3
       0
       0
       0
       1
       0
       2
       0
       0
       1
       1
       1
       2
       1
       1
       3
       2
       1
       1
       2
       0
       1
       0
       2
       1
       0
       1
       2
       0
       0
       0
       0
       0
       0
       0
       1
       0
       2
       0
       0
       2
       1
       0
       0
       2
       1
       0
       0
       0
       0
       1
       1
       0
       1
       0
       2
       1
       0
       1
       2
       0
       0
       0
       0
       1
       2
       1
       1
       1
       0
       2
       0
       1
       1
       0
       1
       0
       0
       0
       0
       1
       0
       0
       0
       0
       0
       1
       0
       0
       2
       0
       1
       1
       0
       1
       0
       0
       1
       0
       0
       0
       0
       0
       0
       0
       0
       0
       0
       0
       1
       0
       0
       2
       0
       0
       0
       0
       1
       0
       1
       3
       2
       1
       0
       0
       1
       0
       0
       1
       0
       0
       0
       0
       1
       4
       0
       1
       0
       0
       0
       0
       0
       0
       0
       0
       0
       0
       2
       0
       0
       0
       1
       0
       0
       0
       0
       0
       1
       0
       0
       0
       0
       0
       0
       0
       0
       0
       0
       0
       1
       0
       0
       1
       0
       0
       0
       0
       0
       0
       0
       1
       0
       1
       0
       0
       1
       0
       0
       0
       0
       0
       0
       1
       0
       0
       0
       0
       0
       1
       0
       0
       0
       0
       0
       0
       0
       0
       0
       0
       0
       0
       0
       1
       0
       1
       1
       0
       0
       0
       0
       0
       1
       0
       0
       0
       0
       0
       0
       0
       0
       0
       0
       0
       1
       0
       0
       0
       0
       0
       0
       0
       2
       1
       0
       0
       0
       1
       0
       2
       0
       1
       0
       0
       0
       0
       0
       0
       0
       0
       0
       0
       0
       0
       0
       1
       0
       0
       0
       1
       1
       0
       0
       0
$ROI:
3
24 57
296 426
560 760
$PRESETS:
None
0
0
$ENER_FIT:
-8.735224 1.899029
$MCA_CAL:
3
-8.735224E+000 1.899029E+000 0.000000E+000 keV
$SHAPE_CAL:
3
6.150479E+000 1.062013E-001 0.000000E+000
