$SPEC_ID:
No sample description was entered.
$SPEC_REM:
DET# 1
DETDESC# SPACESCIENCE4 digiBASE-RH SN 15121435
AP# Maestro Version 7.01
$DATE_MEA:
10/14/2024 15:30:44
$MEAS_TIM:
150 150
$DATA:
0 1023
       0
       0
       0
       0
       0
     191
     725
     637
     532
     600
     898
    1266
    1902
    2643
    3317
    4109
    4641
    4820
    4489
    4245
    3548
    2857
    2332
    1898
    1663
    1581
    1890
    2273
    2866
    3364
    4187
    4997
    5412
    5979
    6393
    6491
    6216
    5682
    5041
    4289
    3525
    2792
    2152
    1516
    1129
     762
     554
     339
     262
     191
     147
     148
     128
     114
     134
      99
     104
      99
      99
     105
     105
     120
      92
     104
     101
      94
     100
      67
      97
      96
      83
      82
      87
      82
      94
      84
      77
      86
      61
      98
      62
      75
      67
      71
      76
      60
      53
      69
      62
      53
      64
      63
      64
      58
      62
      52
      54
      55
      61
      51
      54
      69
      53
      49
      54
      46
      41
      63
      48
      40
      49
      37
      40
      42
      46
      32
      48
      42
      42
      35
      41
      44
      39
      34
      46
      31
      33
      35
      30
      45
      24
      34
      38
      37
      24
      37
      24
      29
      26
      26
      27
      21
      28
      26
      29
      27
      32
      20
      27
      24
      23
      29
      29
      21
      25
      27
      20
      21
      26
      22
      22
      18
      19
      23
      16
      16
      17
      19
      21
      11
      19
       6
      17
      12
      15
      16
      15
      18
      20
      15
      20
      12
      24
      14
      14
       8
      25
      10
       9
      18
      17
       8
      14
       9
      22
      17
      16
      13
       8
      12
       9
      17
      12
      11
      10
      10
       7
       7
       7
       7
      16
       6
       9
      11
       7
       5
      11
       6
      11
      10
      15
       9
       9
       9
       8
       6
      10
       5
      11
       4
      10
       5
       7
       9
      12
       5
       6
       7
       3
       4
      10
       3
       7
       4
       7
       6
       6
      10
       9
      12
       6
       7
       8
       2
       5
      11
       5
       9
       4
       5
       7
       3
       4
       3
       1
       2
       8
      10
       5
       4
       7
       6
       6
       4
       4
       5
       1
       5
       5
       2
       3
       3
       2
       3
       3
       6
       4
       7
       1
       3
       5
       8
       5
       6
       4
       1
       8
       2
       4
       8
       8
       8
       7
       4
       6
       5
       4
       9
       9
       4
       6
      10
       8
       5
       3
       4
       8
       5
       3
       6
       3
       0
       8
       7
       4
       3
       7
       4
       4
       3
       8
       2
      12
       5
       4
       4
       3
       6
       2
       9
       4
       4
       0
       3
       2
       3
       3
       3
       7
       6
       5
       5
       3
       6
       6
       2
       6
       3
       3
       4
       2
       5
       4
       5
       7
       3
       4
       4
       1
       6
       2
       4
       2
       1
       3
       4
       2
       3
       1
       4
       4
       3
       5
       2
       3
       2
       0
       2
       4
       0
       1
       4
       6
       0
       4
       3
       4
       1
       9
       1
       3
       2
       3
       3
       5
       5
       2
       1
       2
       2
       2
       0
       1
       3
       3
       5
       4
       0
       3
       1
       3
       1
       6
       1
       1
       2
       2
       0
       3
       5
       2
       1
       3
       1
       2
       1
       1
       0
       4
       3
       3
       3
       2
       4
       3
       4
       1
       3
       3
       2
       4
       1
       3
       1
       3
       2
       4
       2
       5
       1
       4
       2
       5
       3
       1
       3
       1
       3
       1
       2
       2
       3
       2
       1
       2
       1
       1
       0
       1
       1
       0
       2
       2
       3
       1
       2
       2
       3
       1
       0
       2
       3
       1
       0
       1
       1
       5
       1
       0
       1
       1
       2
       3
       2
       3
       3
       3
       3
       0
       2
       2
       3
       2
       2
       1
       2
       0
       1
       3
       1
       2
       2
       2
       1
       6
       3
       2
       2
       2
       2
       3
       0
       2
       1
       1
       0
       1
       4
       0
       2
       1
       0
       0
       3
       2
       1
       0
       2
       3
       2
       1
       1
       3
       4
       1
       1
       1
       3
       1
       2
       1
       2
       1
       3
       1
       2
       3
       1
       1
       1
       1
       2
       0
       2
       3
       0
       0
       2
       1
       1
       0
       3
       2
       1
       0
       0
       1
       1
       0
       2
       1
       0
       2
       1
       3
       2
       1
       1
       1
       3
       1
       2
       2
       0
       1
       2
       0
       3
       0
       1
       1
       1
       1
       1
       1
       1
       2
       0
       2
       2
       0
       1
       3
       1
       1
       1
       0
       1
       1
       0
       2
       1
       1
       1
       0
       0
       1
       0
       1
       0
       1
       1
       0
       2
       1
       1
       0
       2
       1
       0
       3
       2
       3
       1
       1
       0
       0
       0
       1
       2
       3
       1
       1
       3
       2
       0
       0
       2
       0
       0
       1
       2
       1
       0
       2
       0
       1
       0
       2
       1
       0
       1
       1
       0
       0
       0
       0
       0
       1
       1
       2
       2
       3
       0
       1
       1
       1
       1
       0
       2
       1
       1
       2
       0
       1
       0
       1
       1
       1
       0
       4
       0
       1
       0
       2
       2
       0
       0
       1
       3
       1
       1
       1
       1
       2
       1
       1
       2
       1
       0
       1
       1
       0
       1
       0
       5
       1
       6
       3
       0
       2
       1
       1
       1
       1
       2
       0
       1
       1
       2
       1
       0
       0
       2
       1
       0
       1
       0
       0
       0
       3
       2
       0
       1
       0
       1
       0
       0
       1
       1
       1
       1
       1
       0
       0
       1
       1
       1
       0
       1
       0
       1
       1
       1
       1
       1
       0
       2
       0
       0
       2
       1
       1
       1
       0
       0
       0
       2
       1
       0
       2
       0
       1
       2
       0
       0
       2
       0
       1
       2
       1
       1
       0
       0
       0
       1
       0
       0
       1
       1
       0
       1
       1
       2
       1
       0
       0
       0
       0
       0
       0
       0
       0
       1
       0
       0
       1
       0
       2
       0
       0
       0
       1
       0
       0
       5
       0
       0
       0
       0
       0
       1
       0
       2
       0
       0
       0
       0
       0
       0
       0
       0
       0
       1
       1
       0
       0
       1
       0
       0
       0
       0
       0
       0
       0
       0
       0
       1
       0
       0
       0
       0
       0
       1
       3
       1
       2
       0
       0
       0
       0
       1
       1
       0
       0
       1
       1
       0
       0
       0
       0
       1
       0
       0
       0
       0
       0
       0
       0
       3
       0
       0
       0
       0
       0
       0
       0
       0
       0
       0
       0
       0
       0
       0
       0
       1
       0
       0
       0
       0
       0
       0
       0
       0
       0
       0
       0
       0
       0
       0
       1
       0
       0
       0
       0
       0
       1
       0
       1
       1
       0
       0
       0
       0
       2
       1
       0
       0
       0
       0
       0
       0
       0
       0
       0
       0
       0
       0
       0
       0
       0
       1
       0
       0
       0
       0
       0
       0
       0
       0
       0
       0
       0
       1
       0
       0
       1
       0
       0
       0
       0
       0
       0
       0
       1
       0
       0
       1
       0
       0
       0
       0
       0
       0
       0
       0
       0
       1
       1
       0
       0
       0
       1
       0
       0
       0
       1
       0
       0
       0
       0
       1
       2
       0
$ROI:
3
24 57
296 426
560 760
$PRESETS:
None
0
0
$ENER_FIT:
-8.735224 1.899029
$MCA_CAL:
3
-8.735224E+000 1.899029E+000 0.000000E+000 keV
$SHAPE_CAL:
3
6.150479E+000 1.062013E-001 0.000000E+000
