$SPEC_ID:
No sample description was entered.
$SPEC_REM:
DET# 1
DETDESC# SPACESCIENCE4 digiBASE-RH SN 15121435
AP# Maestro Version 7.01
$DATE_MEA:
10/14/2024 14:49:14
$MEAS_TIM:
149 150
$DATA:
0 1023
       0
       0
       0
       0
       0
     498
    1832
    1266
     768
     498
     408
     397
     409
     508
     620
     713
     940
     962
    1029
    1015
     987
     853
     726
     612
     485
     428
     378
     369
     336
     370
     341
     344
     335
     363
     385
     385
     343
     377
     399
     419
     418
     453
     415
     412
     421
     444
     444
     428
     438
     442
     471
     501
     433
     471
     453
     471
     509
     509
     528
     475
     500
     504
     562
     528
     477
     516
     507
     521
     533
     523
     545
     529
     580
     509
     551
     556
     523
     572
     550
     540
     482
     550
     506
     522
     551
     541
     542
     540
     516
     543
     531
     528
     525
     489
     548
     567
     617
     576
     596
     569
     633
     580
     594
     582
     571
     614
     595
     564
     572
     620
     658
     603
     595
     573
     619
     590
     621
     598
     538
     627
     588
     543
     563
     533
     592
     507
     536
     546
     513
     560
     509
     535
     548
     541
     539
     535
     506
     497
     513
     484
     485
     474
     507
     484
     479
     460
     455
     410
     412
     427
     430
     414
     458
     444
     428
     420
     415
     409
     451
     405
     400
     402
     446
     372
     390
     372
     350
     397
     347
     380
     352
     358
     383
     344
     358
     345
     336
     381
     366
     355
     309
     376
     316
     368
     330
     348
     339
     328
     346
     313
     312
     295
     334
     326
     331
     329
     302
     308
     321
     277
     304
     340
     294
     326
     315
     313
     307
     312
     343
     295
     349
     322
     312
     344
     301
     303
     310
     280
     286
     302
     276
     269
     281
     278
     284
     282
     302
     293
     260
     286
     264
     256
     242
     240
     257
     290
     262
     245
     241
     232
     216
     213
     229
     234
     199
     210
     192
     175
     189
     186
     172
     187
     181
     149
     139
     141
     145
     141
     148
     124
     111
     129
     122
     109
     128
     117
     119
     122
     104
      91
      87
      92
      75
      87
      78
      91
      73
      76
      72
      99
      68
      63
      70
      75
      54
      61
      67
      72
      64
      78
      75
      79
      55
      80
      79
      60
      68
      80
      83
      90
      86
      91
      75
      91
      74
     101
      95
      98
     104
     127
     124
     159
     142
     141
     151
     146
     171
     166
     176
     219
     218
     241
     286
     246
     282
     317
     305
     318
     345
     388
     397
     404
     482
     468
     468
     530
     488
     498
     571
     585
     543
     612
     639
     679
     673
     670
     665
     707
     675
     702
     759
     737
     685
     698
     676
     674
     693
     682
     689
     653
     654
     644
     636
     548
     575
     566
     556
     545
     481
     511
     471
     452
     431
     408
     424
     351
     377
     345
     330
     344
     326
     279
     258
     246
     251
     225
     235
     217
     205
     200
     171
     151
     150
     138
     168
     143
     156
     120
     144
     138
     121
      95
     122
      82
     106
      91
      71
      81
      82
      74
      84
      68
      62
      50
      66
      57
      77
      61
      43
      58
      51
      50
      56
      48
      32
      46
      52
      39
      32
      36
      30
      40
      33
      28
      28
      27
      25
      28
      33
      27
      29
      25
      30
      25
      19
      28
      17
      22
      13
      21
      14
      13
       7
      11
      16
      14
      13
      12
      11
      13
      12
      13
       7
      12
      11
       8
      10
       5
       9
       7
       6
       5
       9
       7
      11
       7
       4
       7
       7
       2
       6
       6
       3
       5
       6
       4
       4
       3
       2
       3
       5
       6
       3
       3
       3
       3
       3
       2
       2
       4
       1
       1
       3
       1
       4
       3
       1
       1
       2
       2
       3
       2
       5
       0
       4
       1
       2
       2
       1
       2
       2
       2
       2
       2
       2
       2
       1
       2
       2
       3
       3
       2
       4
       1
       3
       1
       2
       1
       1
       3
       2
       0
       1
       2
       1
       1
       2
       0
       1
       1
       4
       1
       0
       1
       0
       2
       2
       2
       0
       3
       2
       2
       3
       2
       3
       1
       1
       2
       2
       0
       2
       1
       2
       4
       3
       1
       3
       0
       4
       2
       1
       1
       1
       2
       2
       3
       0
       3
       1
       0
       0
       1
       1
       0
       0
       2
       1
       0
       1
       3
       0
       2
       3
       2
       1
       1
       1
       1
       1
       2
       2
       3
       1
       2
       0
       1
       3
       1
       0
       2
       0
       2
       2
       3
       4
       0
       1
       1
       1
       1
       3
       0
       0
       2
       2
       0
       0
       1
       1
       0
       3
       5
       1
       1
       1
       5
       0
       0
       1
       0
       0
       0
       0
       3
       1
       2
       4
       1
       1
       1
       0
       1
       1
       0
       0
       2
       2
       2
       0
       0
       1
       4
       1
       0
       1
       0
       0
       1
       2
       1
       1
       3
       0
       1
       1
       0
       0
       1
       3
       0
       1
       1
       0
       1
       1
       1
       1
       1
       2
       1
       1
       0
       2
       0
       0
       0
       0
       0
       1
       1
       1
       1
       0
       2
       0
       1
       1
       0
       0
       1
       0
       1
       0
       1
       0
       3
       2
       0
       0
       1
       2
       3
       1
       0
       2
       1
       0
       0
       0
       1
       1
       2
       1
       0
       0
       3
       0
       0
       2
       0
       1
       2
       0
       2
       5
       0
       2
       0
       2
       2
       0
       1
       2
       0
       0
       1
       1
       1
       1
       0
       1
       2
       2
       2
       2
       0
       1
       2
       2
       1
       0
       1
       1
       0
       1
       0
       0
       2
       2
       1
       2
       0
       0
       1
       0
       3
       0
       0
       0
       0
       1
       0
       2
       0
       0
       3
       0
       2
       0
       0
       0
       1
       2
       1
       0
       1
       0
       0
       0
       0
       2
       0
       0
       2
       0
       1
       0
       1
       0
       0
       1
       0
       0
       1
       0
       1
       0
       0
       1
       0
       0
       1
       0
       2
       1
       1
       0
       0
       1
       0
       1
       0
       0
       1
       0
       1
       0
       0
       0
       0
       1
       0
       0
       0
       1
       0
       1
       2
       1
       0
       0
       0
       1
       0
       0
       0
       0
       1
       1
       0
       0
       0
       1
       1
       0
       0
       1
       0
       1
       0
       0
       1
       0
       0
       0
       0
       0
       0
       1
       0
       0
       0
       0
       0
       0
       0
       0
       0
       0
       0
       0
       0
       0
       0
       1
       0
       0
       1
       0
       0
       0
       0
       0
       0
       0
       0
       0
       0
       0
       0
       0
       1
       0
       1
       1
       0
       1
       0
       1
       0
       0
       0
       0
       0
       0
       0
       0
       0
       0
       0
       0
       0
       1
       0
       0
       0
       0
       1
       0
       0
       0
       0
       0
       0
       0
       1
       0
       1
       0
       1
       0
       1
       0
       0
       0
       0
       0
       0
       0
       0
       0
       0
       0
       0
       0
       0
       0
       0
       0
       0
       0
       1
       1
       0
       0
       0
       0
       1
       1
       1
       0
       0
       0
       1
       0
       0
       0
       0
       0
       1
       0
       0
       0
       0
       0
       0
       0
       1
       0
       0
       0
       0
       0
       0
$ROI:
3
24 57
296 426
560 760
$PRESETS:
None
0
0
$ENER_FIT:
-8.735224 1.899029
$MCA_CAL:
3
-8.735224E+000 1.899029E+000 0.000000E+000 keV
$SHAPE_CAL:
3
6.150479E+000 1.062013E-001 0.000000E+000
