$SPEC_ID:
No sample description was entered.
$SPEC_REM:
DET# 1
DETDESC# SPACESCIENCE4 digiBASE-RH SN 15121435
AP# Maestro Version 7.01
$DATE_MEA:
10/14/2024 15:15:43
$MEAS_TIM:
299 300
$DATA:
0 1023
       0
       0
       0
       0
       0
     344
    1294
     909
     570
     436
     567
     801
    1225
    1881
    2475
    3268
    3834
    4054
    3904
    3529
    2898
    2322
    1637
    1279
     907
     709
     578
     516
     512
     553
     607
     537
     600
     708
     714
     802
     921
     993
    1060
    1120
    1240
    1337
    1400
    1436
    1411
    1449
    1413
    1344
    1251
    1118
    1006
     971
     860
     747
     719
     562
     536
     565
     486
     513
     494
     464
     449
     465
     444
     408
     449
     462
     487
     470
     460
     449
     442
     454
     464
     434
     495
     484
     462
     505
     446
     512
     491
     458
     461
     491
     505
     538
     495
     472
     439
     468
     474
     468
     496
     471
     468
     465
     466
     457
     484
     444
     446
     397
     409
     421
     400
     378
     340
     351
     375
     368
     336
     333
     344
     327
     343
     277
     303
     286
     310
     306
     303
     294
     244
     283
     279
     283
     255
     252
     239
     231
     261
     247
     240
     248
     242
     270
     213
     254
     260
     250
     247
     263
     279
     280
     271
     289
     306
     314
     337
     316
     353
     326
     346
     345
     341
     337
     372
     353
     343
     359
     360
     386
     380
     351
     387
     335
     389
     404
     374
     382
     379
     415
     376
     425
     429
     429
     456
     445
     433
     489
     498
     517
     493
     460
     529
     548
     520
     563
     565
     551
     544
     561
     568
     533
     539
     516
     502
     488
     442
     485
     445
     458
     443
     380
     402
     357
     327
     344
     312
     318
     260
     252
     236
     242
     233
     195
     175
     149
     179
     151
     134
     156
     131
     109
     108
      90
     107
     107
      89
      75
      82
      93
      59
      68
      65
      60
      66
      62
      49
      51
      51
      32
      46
      43
      33
      41
      30
      36
      32
      27
      34
      35
      30
      24
      20
      18
      22
      20
      24
      22
      19
      26
      15
      27
      20
      20
      13
      18
      19
       7
      19
      12
      14
      14
      12
      17
      19
      16
      13
       8
      14
      14
      13
      13
       9
       6
      11
      11
      11
      10
       6
       8
      11
      15
       9
      10
      13
       9
      11
      11
       9
      14
      12
      10
      10
       6
      10
       9
      12
      11
      13
      14
      10
      14
      11
      11
       8
      13
      12
       8
      12
      13
      13
      16
      14
      10
      11
       8
      13
      11
      15
       9
      17
      11
      12
      13
      19
      13
      10
      15
      11
      13
      14
      13
       9
      14
       9
      18
      11
      12
      13
      11
      11
      10
      12
       8
      12
       9
      13
      13
       8
      19
       8
      10
      10
      14
       9
       8
       7
       9
       8
       9
       7
       4
      13
       8
       8
       9
       6
       6
       6
       9
       6
      11
       8
       7
       8
       6
       6
       5
       5
       3
       4
       7
       5
       9
       5
      10
       5
      18
       7
       8
       5
       5
       3
       8
       5
      10
       9
       3
       5
       5
       6
       3
       5
       5
       9
       6
       5
       3
       5
       4
       8
       4
       2
       3
       8
       3
       7
       4
       9
       8
       4
       6
       8
       6
       2
       7
       3
       8
       3
       7
       4
       4
       5
       8
       3
       4
       7
       5
       2
       5
       6
       1
       3
       3
       5
       3
       5
       6
       4
       4
       2
       3
       4
       4
       4
       7
       3
       3
       5
       5
       4
       2
       5
       3
       1
       2
       5
       3
       2
       8
       3
       4
       4
       4
       4
       3
       5
       3
       5
       3
       3
       6
       6
       4
       3
       4
       2
       6
       2
       4
       7
       2
       1
       3
       4
       4
       4
       4
       3
       2
       2
       3
       3
       2
       2
       1
       4
       5
       4
       2
       1
       5
       0
       3
       2
       6
       4
       3
       5
       4
       4
       5
       4
       6
       3
       7
       4
       5
       1
       4
       2
       1
       1
       3
       3
       4
       3
       1
       3
       4
       4
       6
       5
       3
       4
       4
       2
       2
       1
       1
       4
       1
       3
       5
       2
       2
       4
       5
       7
       4
       1
       8
       2
       2
       1
       3
       3
       5
       5
       1
       6
       3
       3
       3
       2
       1
       6
       1
       3
       5
       3
       4
       0
       1
       2
       0
       4
       3
       4
       3
       3
       2
       3
       3
       5
       2
       4
       3
       2
       0
       3
       4
       1
       2
       2
       6
       3
       5
       1
       3
       0
       4
       1
       2
       2
       0
       1
       2
       3
       3
       2
       5
       2
       3
       1
       1
       2
       4
       4
       3
       4
       4
       1
       5
       1
       3
       2
       0
       1
       1
       2
       3
       4
       2
       1
       2
       3
       0
       3
       0
       2
       3
       2
       3
       2
       0
       1
       3
       2
       3
       1
       2
       2
       0
       0
       1
       2
       1
       3
       2
       4
       1
       1
       0
       1
       1
       2
       1
       1
       3
       0
       5
       1
       2
       1
       1
       1
       3
       2
       1
       3
       6
       4
       1
       1
       0
       1
       3
       0
       2
       0
       0
       2
       2
       0
       3
       3
       2
       2
       0
       4
       2
       2
       5
       2
       2
       1
       1
       5
       3
       5
       1
       4
       2
       3
       3
       0
       2
       0
       1
       3
       3
       1
       3
       3
       1
       3
       5
       2
       2
       1
       3
       3
       3
       1
       3
       5
       3
       4
       4
       0
       5
       1
       3
       5
       0
       1
       1
       0
       0
       1
       1
       2
       1
       1
       1
       0
       3
       4
       1
       3
       3
       1
       1
       1
       2
       1
       1
       0
       0
       0
       3
       0
       3
       2
       4
       2
       2
       4
       3
       3
       3
       1
       1
       1
       2
       0
       1
       0
       0
       0
       2
       0
       1
       2
       1
       2
       0
       0
       0
       2
       1
       0
       0
       2
       0
       2
       1
       1
       2
       2
       0
       0
       0
       0
       1
       1
       0
       0
       1
       1
       2
       0
       1
       0
       0
       2
       0
       0
       3
       0
       0
       0
       2
       2
       0
       0
       1
       2
       0
       0
       1
       2
       0
       2
       2
       0
       0
       1
       0
       0
       1
       2
       3
       0
       0
       0
       2
       1
       4
       2
       1
       2
       1
       3
       1
       3
       0
       1
       1
       0
       0
       0
       1
       2
       1
       0
       1
       1
       1
       0
       0
       1
       1
       0
       0
       3
       1
       0
       1
       0
       1
       0
       0
       0
       0
       1
       2
       1
       1
       1
       0
       1
       0
       0
       2
       1
       0
       0
       0
       1
       1
       0
       1
       0
       0
       0
       1
       1
       1
       1
       0
       1
       1
       0
       0
       1
       0
       0
       1
       0
       0
       1
       1
       0
       0
       0
       0
       1
       0
       0
       0
       0
       1
       1
       1
       2
       1
       0
       2
       1
       1
       1
       1
       0
       0
       0
       0
       0
       0
       0
       0
       0
       0
       0
       1
       0
       0
       0
       1
       0
       0
       0
       0
       0
       0
       0
       0
       0
       0
       0
       0
       0
       1
       0
       0
       0
       0
       1
       1
       0
       0
       0
       0
       0
       0
       1
       1
       0
       0
$ROI:
3
24 57
296 426
560 760
$PRESETS:
None
0
0
$ENER_FIT:
-8.735224 1.899029
$MCA_CAL:
3
-8.735224E+000 1.899029E+000 0.000000E+000 keV
$SHAPE_CAL:
3
6.150479E+000 1.062013E-001 0.000000E+000
