$SPEC_ID:
No sample description was entered.
$SPEC_REM:
DET# 1
DETDESC# SPACESCIENCE4 digiBASE-RH SN 15121435
AP# Maestro Version 7.01
$DATE_MEA:
10/14/2024 14:46:18
$MEAS_TIM:
149 150
$DATA:
0 1023
       0
       0
       0
       0
       0
     499
    1755
    1154
     704
     441
     376
     349
     393
     431
     574
     675
     752
     919
    1007
    1067
     939
     852
     692
     596
     493
     426
     389
     364
     338
     331
     326
     323
     317
     354
     343
     354
     375
     357
     411
     362
     396
     393
     387
     446
     411
     428
     445
     413
     436
     444
     420
     451
     444
     482
     435
     443
     456
     462
     474
     457
     489
     484
     462
     470
     513
     510
     503
     540
     504
     497
     485
     464
     525
     539
     493
     493
     483
     514
     501
     499
     496
     538
     498
     511
     514
     485
     539
     523
     454
     502
     509
     476
     502
     532
     567
     542
     594
     554
     595
     574
     533
     552
     547
     580
     620
     600
     558
     539
     606
     616
     570
     621
     578
     568
     537
     563
     524
     548
     558
     511
     535
     542
     529
     505
     526
     534
     564
     496
     506
     525
     486
     486
     469
     454
     527
     451
     450
     504
     449
     467
     451
     419
     447
     422
     434
     440
     414
     392
     409
     440
     452
     414
     392
     407
     377
     386
     407
     393
     365
     387
     355
     357
     364
     358
     342
     325
     383
     354
     346
     320
     329
     353
     325
     307
     319
     319
     322
     330
     314
     332
     355
     293
     295
     351
     294
     319
     299
     297
     311
     331
     297
     301
     288
     334
     309
     318
     290
     276
     326
     296
     279
     301
     275
     277
     244
     286
     272
     286
     262
     318
     273
     256
     278
     276
     263
     248
     232
     260
     281
     285
     249
     247
     313
     255
     264
     252
     276
     257
     263
     251
     261
     231
     228
     250
     256
     248
     221
     224
     233
     221
     224
     208
     193
     200
     196
     167
     178
     202
     153
     180
     168
     174
     155
     132
     143
     158
     136
     149
     132
     135
     119
     115
     118
      89
     111
     100
      91
     105
      82
      87
      89
     106
      86
      72
      78
      78
      76
      76
      74
      72
      65
      77
      70
      82
      59
      67
      43
      60
      57
      82
      62
      70
      57
      56
      54
      54
      53
      76
      68
      64
      63
      77
      72
      79
      82
      78
      92
      78
     117
      92
     112
     126
     132
     138
     142
     129
     164
     167
     175
     186
     192
     217
     213
     233
     237
     273
     257
     280
     296
     348
     345
     373
     395
     419
     440
     447
     497
     469
     521
     544
     529
     577
     618
     590
     658
     652
     581
     662
     630
     607
     628
     625
     686
     670
     686
     675
     646
     632
     659
     616
     630
     612
     578
     569
     576
     548
     518
     464
     495
     471
     443
     443
     447
     366
     371
     356
     353
     353
     334
     287
     306
     276
     261
     236
     249
     207
     227
     194
     206
     190
     182
     174
     153
     151
     153
     147
     143
     124
      95
     118
     107
      99
      75
      93
      88
      84
      74
      75
      74
      71
      71
      65
      58
      48
      55
      43
      46
      54
      52
      60
      54
      34
      35
      31
      29
      45
      36
      27
      26
      29
      27
      26
      27
      35
      20
      28
      26
      28
      21
      19
      12
      16
      17
      21
      15
      16
      20
      18
      15
      13
      17
      16
      11
      13
      14
       9
      11
       8
       9
       8
      13
       5
       8
       7
      12
       9
       8
       5
       5
       5
       4
       9
       7
       3
       5
       7
       5
       6
       4
       7
       5
       9
       7
       7
       2
       2
       7
       4
       3
       1
       2
       4
       1
       3
       3
       3
       1
       4
       2
       2
       2
       2
       4
       0
       5
       3
       1
       0
       3
       3
       1
       1
       1
       3
       2
       4
       3
       2
       3
       2
       2
       3
       2
       1
       2
       2
       2
       0
       4
       2
       0
       3
       2
       0
       0
       2
       2
       2
       2
       4
       0
       3
       1
       1
       2
       2
       2
       1
       2
       2
       4
       2
       2
       0
       0
       0
       1
       3
       1
       1
       0
       1
       3
       0
       2
       0
       3
       0
       2
       0
       0
       2
       2
       1
       1
       4
       2
       3
       0
       3
       1
       2
       1
       4
       3
       1
       1
       2
       2
       2
       0
       1
       2
       1
       1
       1
       4
       1
       1
       1
       2
       1
       0
       4
       2
       0
       1
       0
       2
       3
       2
       2
       0
       1
       1
       0
       2
       3
       1
       2
       0
       1
       2
       1
       2
       0
       0
       0
       1
       1
       0
       0
       0
       0
       0
       1
       0
       1
       2
       0
       3
       1
       0
       1
       1
       4
       0
       1
       2
       1
       2
       1
       1
       0
       0
       0
       0
       2
       1
       4
       3
       2
       2
       1
       0
       1
       0
       1
       2
       1
       0
       1
       1
       0
       1
       2
       0
       0
       1
       1
       1
       1
       3
       1
       0
       2
       2
       2
       1
       1
       0
       1
       1
       1
       2
       0
       0
       1
       2
       0
       1
       0
       1
       0
       1
       0
       2
       1
       1
       1
       0
       0
       0
       1
       1
       0
       1
       2
       1
       2
       0
       2
       1
       2
       0
       2
       2
       3
       1
       1
       2
       0
       1
       0
       2
       2
       1
       2
       0
       0
       2
       1
       1
       3
       0
       3
       1
       0
       0
       0
       3
       1
       1
       0
       0
       0
       1
       1
       2
       0
       1
       0
       0
       0
       1
       1
       1
       2
       0
       0
       1
       2
       0
       1
       0
       3
       3
       1
       0
       3
       4
       0
       0
       0
       2
       2
       2
       2
       3
       1
       1
       2
       1
       0
       2
       0
       1
       1
       2
       0
       2
       0
       0
       3
       1
       0
       1
       1
       0
       1
       1
       0
       1
       1
       1
       1
       3
       0
       1
       3
       0
       0
       1
       0
       0
       2
       0
       1
       0
       1
       0
       0
       1
       0
       1
       0
       0
       0
       0
       0
       1
       2
       0
       0
       0
       0
       0
       0
       0
       1
       0
       1
       0
       0
       1
       1
       0
       0
       1
       1
       0
       1
       0
       0
       0
       1
       0
       1
       1
       0
       1
       2
       1
       0
       1
       0
       0
       0
       0
       0
       1
       0
       1
       1
       0
       0
       0
       0
       0
       0
       2
       0
       0
       0
       2
       1
       0
       0
       0
       2
       0
       0
       0
       2
       0
       0
       0
       0
       1
       1
       0
       0
       0
       1
       0
       0
       0
       0
       0
       0
       0
       0
       0
       0
       0
       0
       1
       0
       0
       0
       0
       0
       0
       0
       0
       0
       0
       0
       2
       2
       0
       1
       0
       1
       0
       1
       1
       1
       0
       0
       0
       0
       0
       0
       0
       0
       0
       0
       0
       0
       0
       0
       1
       0
       0
       1
       1
       0
       0
       0
       0
       0
       0
       0
       1
       0
       0
       1
       0
       0
       0
       0
       0
       0
       1
       0
       0
       0
       0
       0
       0
       1
       0
       1
       1
       1
       0
       0
       0
       0
       0
       1
       0
       1
       1
       0
       1
       0
       0
       1
       1
       0
       0
       0
       0
       1
       1
       0
       0
       0
       0
       0
       0
       0
$ROI:
3
24 57
296 426
560 760
$PRESETS:
None
0
0
$ENER_FIT:
-8.735224 1.899029
$MCA_CAL:
3
-8.735224E+000 1.899029E+000 0.000000E+000 keV
$SHAPE_CAL:
3
6.150479E+000 1.062013E-001 0.000000E+000
