$SPEC_ID:
No sample description was entered.
$SPEC_REM:
DET# 1
DETDESC# SPACESCIENCE4 digiBASE-RH SN 15121435
AP# Maestro Version 7.01
$DATE_MEA:
10/14/2024 14:36:40
$MEAS_TIM:
150 151
$DATA:
0 1023
       0
       0
       0
       0
       0
     432
    1534
    1078
     606
     389
     345
     330
     305
     392
     492
     634
     805
     887
     980
    1073
    1014
     883
     794
     673
     521
     458
     377
     323
     284
     304
     283
     276
     279
     302
     307
     316
     342
     334
     345
     370
     366
     322
     368
     367
     382
     355
     376
     377
     401
     437
     426
     376
     426
     425
     441
     434
     440
     420
     434
     428
     459
     431
     454
     444
     436
     481
     469
     473
     480
     518
     457
     502
     473
     480
     491
     470
     444
     455
     451
     473
     481
     500
     519
     509
     498
     476
     506
     490
     504
     479
     481
     466
     465
     494
     430
     473
     516
     478
     474
     508
     476
     500
     537
     530
     501
     563
     517
     549
     528
     598
     519
     553
     514
     489
     524
     482
     509
     504
     490
     476
     507
     493
     471
     498
     438
     488
     484
     431
     496
     464
     476
     450
     454
     436
     452
     421
     447
     417
     427
     412
     399
     437
     427
     391
     380
     417
     383
     343
     407
     383
     335
     362
     376
     312
     354
     340
     373
     367
     331
     312
     325
     338
     340
     352
     317
     306
     305
     315
     332
     289
     341
     310
     285
     290
     281
     308
     285
     302
     290
     305
     300
     282
     287
     271
     287
     253
     279
     282
     284
     274
     269
     272
     273
     289
     280
     253
     288
     237
     266
     292
     251
     279
     269
     273
     266
     292
     246
     258
     268
     272
     252
     260
     248
     262
     263
     259
     237
     274
     251
     253
     260
     219
     260
     247
     265
     244
     257
     240
     236
     251
     228
     224
     252
     220
     232
     235
     209
     225
     224
     213
     230
     223
     220
     203
     227
     195
     188
     213
     190
     189
     181
     157
     155
     170
     158
     151
     157
     148
     125
     134
     125
     141
      91
     102
     107
     106
     111
      68
      89
      86
      78
      99
      86
      70
      71
      73
      73
      73
      57
      47
      54
      71
      49
      63
      54
      65
      53
      56
      57
      68
      55
      59
      60
      56
      47
      50
      54
      69
      52
      68
      58
      46
      48
      52
      55
      53
      61
      54
      77
      70
      93
      80
      84
     103
      99
     107
     100
     114
     129
     131
     156
     165
     175
     171
     195
     234
     245
     230
     264
     268
     291
     313
     299
     353
     339
     404
     420
     404
     462
     443
     511
     487
     532
     507
     543
     578
     590
     584
     620
     588
     593
     629
     615
     638
     657
     618
     624
     625
     624
     596
     594
     593
     554
     580
     596
     519
     537
     496
     465
     482
     442
     384
     418
     419
     398
     335
     337
     320
     349
     318
     283
     298
     254
     237
     226
     231
     219
     205
     183
     178
     203
     173
     179
     155
     158
     150
     135
     125
     114
     128
     100
      99
     111
      88
      99
      90
      91
      90
      72
      71
      58
      61
      62
      47
      65
      52
      51
      36
      47
      47
      49
      40
      46
      33
      38
      51
      30
      43
      34
      34
      39
      34
      30
      27
      28
      25
      34
      22
      32
      18
      19
      18
      13
      15
      12
      15
      25
      25
      19
      16
      14
      13
      13
      14
      12
      12
      11
       9
      16
       8
       5
       9
      10
      14
       7
      10
       9
      10
       7
       6
       4
      10
       7
       6
       6
      10
       3
       7
       9
       1
       4
       7
       2
       3
       6
       2
       4
       5
       1
      10
       6
       0
       5
       2
       1
       1
       3
       4
       4
       1
       1
       4
       2
       1
       0
       2
       2
       1
       1
       3
       0
       6
       3
       1
       0
       1
       1
       0
       1
       2
       1
       2
       0
       1
       1
       1
       3
       2
       3
       0
       0
       1
       2
       1
       2
       3
       0
       1
       4
       3
       1
       2
       2
       3
       2
       1
       2
       2
       1
       1
       2
       3
       1
       1
       0
       1
       1
       2
       2
       0
       0
       0
       4
       2
       3
       0
       1
       3
       2
       0
       1
       2
       1
       1
       1
       1
       3
       0
       2
       4
       2
       2
       3
       2
       4
       1
       1
       1
       0
       3
       1
       0
       2
       1
       1
       2
       3
       1
       1
       1
       0
       3
       2
       2
       1
       0
       1
       2
       2
       1
       0
       1
       2
       1
       1
       0
       1
       1
       2
       0
       3
       2
       3
       1
       0
       1
       1
       0
       1
       0
       2
       2
       1
       1
       1
       0
       2
       2
       0
       1
       1
       0
       2
       2
       3
       0
       1
       1
       4
       4
       2
       1
       1
       3
       0
       0
       2
       0
       2
       3
       1
       0
       0
       1
       0
       0
       0
       3
       0
       1
       0
       3
       0
       2
       2
       2
       0
       0
       3
       0
       0
       1
       0
       0
       0
       0
       0
       0
       1
       1
       0
       0
       1
       0
       2
       1
       0
       3
       0
       2
       1
       2
       0
       0
       0
       1
       1
       1
       1
       1
       1
       4
       1
       1
       1
       0
       0
       2
       0
       3
       2
       2
       0
       0
       3
       1
       2
       2
       0
       2
       2
       0
       2
       1
       1
       0
       0
       0
       2
       2
       1
       1
       2
       2
       2
       0
       1
       2
       1
       3
       1
       1
       1
       0
       1
       2
       3
       2
       0
       1
       1
       0
       2
       2
       2
       1
       1
       2
       1
       1
       3
       3
       0
       0
       1
       0
       0
       1
       1
       1
       3
       1
       0
       1
       0
       0
       1
       0
       1
       0
       0
       0
       1
       1
       2
       0
       0
       1
       2
       0
       0
       0
       2
       1
       0
       0
       0
       0
       1
       1
       0
       0
       1
       0
       1
       0
       1
       4
       0
       0
       1
       0
       0
       0
       1
       0
       0
       0
       0
       1
       1
       1
       0
       2
       1
       0
       0
       0
       2
       1
       0
       0
       1
       2
       0
       0
       1
       1
       1
       0
       0
       0
       1
       2
       2
       0
       0
       0
       0
       0
       0
       0
       1
       1
       0
       0
       1
       0
       0
       2
       1
       0
       1
       0
       0
       1
       0
       1
       0
       0
       0
       0
       0
       0
       0
       0
       0
       3
       0
       0
       0
       0
       1
       1
       1
       1
       0
       0
       0
       0
       0
       0
       0
       0
       0
       0
       1
       0
       2
       1
       0
       1
       0
       0
       0
       0
       0
       1
       0
       1
       0
       1
       0
       2
       1
       0
       0
       0
       1
       0
       1
       2
       0
       0
       0
       1
       0
       0
       0
       0
       1
       0
       1
       0
       0
       0
       0
       0
       0
       0
       0
       0
       0
       1
       0
       0
       0
       0
       0
       0
       1
       1
       0
       0
       0
       0
       0
       1
       0
       1
       0
       0
       0
       0
       0
       0
       0
       0
       0
       0
       3
       0
       0
       0
       0
       1
       0
       0
       0
       0
       0
       0
       1
       0
       0
       0
       0
       0
       1
       0
       0
       0
       0
       0
       0
       0
       0
       0
       0
       0
       0
       0
       0
       0
       1
       0
       0
       0
       0
       0
       0
       0
       0
       1
$ROI:
3
24 57
296 426
560 760
$PRESETS:
None
0
0
$ENER_FIT:
-8.735224 1.899029
$MCA_CAL:
3
-8.735224E+000 1.899029E+000 0.000000E+000 keV
$SHAPE_CAL:
3
6.150479E+000 1.062013E-001 0.000000E+000
