$SPEC_ID:
No sample description was entered.
$SPEC_REM:
DET# 1
DETDESC# SPACESCIENCE4 digiBASE-RH SN 15121435
AP# Maestro Version 7.01
$DATE_MEA:
10/14/2024 15:33:36
$MEAS_TIM:
150 150
$DATA:
0 1023
       0
       0
       0
       0
       0
     177
     761
     595
     512
     659
     967
    1430
    2119
    2795
    3828
    4489
    5028
    5260
    5138
    4451
    3711
    3216
    2400
    2074
    1909
    1997
    2274
    2791
    3411
    4056
    4758
    5498
    5958
    6333
    6443
    6482
    5998
    5384
    4624
    3924
    3053
    2421
    1788
    1301
     890
     626
     417
     316
     221
     160
     139
     120
     133
     102
     115
      95
     111
     101
     123
      92
     112
     100
     103
     102
      76
      91
      84
     100
      77
      88
      78
      74
      67
      99
      77
      88
      82
      61
      77
      72
      55
      70
      64
      72
      67
      62
      77
      76
      60
      57
      51
      51
      63
      59
      58
      69
      66
      52
      36
      55
      45
      47
      51
      44
      44
      49
      58
      43
      37
      62
      50
      42
      46
      47
      47
      31
      35
      49
      29
      33
      32
      40
      38
      55
      33
      40
      27
      40
      29
      27
      30
      30
      45
      29
      28
      30
      27
      26
      27
      22
      31
      34
      24
      24
      29
      18
      22
      25
      28
      19
      23
      17
      31
      20
      19
      16
       9
      21
      16
      26
      23
      12
      20
      14
      13
      22
      23
      14
      20
      21
      20
      13
      12
      12
      22
      14
      11
      12
      15
      14
      13
      13
      18
      16
      18
      10
      13
      21
      15
      17
      19
       8
      16
      15
      17
      12
      11
      13
       6
      13
      14
      11
       9
      12
      10
       9
       9
       9
       9
      11
      12
      10
      13
       9
       8
       7
      11
      11
      10
      11
       5
       5
      10
      11
       9
       8
       8
       7
       6
       4
      11
       4
       8
       6
      11
       5
       4
       9
       7
       4
       5
      10
       7
       5
       6
       5
       6
       3
       7
       9
       8
       8
       4
       4
       3
       3
       6
       7
       4
       5
       6
       8
       7
       1
       9
       3
       4
       7
       6
       4
       5
       4
       6
       8
       6
       4
      10
       3
       9
       9
       6
       2
       7
       4
       4
       3
       6
       6
       6
       6
       5
       6
       3
       3
       6
       6
       5
       8
       2
       4
       4
       4
       9
       5
       4
       6
       1
       3
       2
       7
       6
       6
       8
       8
       5
       0
       3
       3
       2
       5
       9
       9
       3
       6
       5
       7
      12
       5
       3
       4
       7
       4
       3
       6
       4
       5
       4
       6
       6
       5
       2
       3
       2
       4
       3
       2
       7
       6
       2
       0
       4
      11
       1
       6
       3
       7
       5
       6
       2
       4
       3
       5
       5
       4
       2
       5
       4
       0
       3
       5
       0
       4
       1
       5
       6
       5
       4
       2
       3
      10
       1
       4
       1
       6
       8
       2
       1
       3
       2
       1
       3
       1
       3
       4
       0
       3
       4
       2
       2
       2
       0
       5
       2
       1
       5
       2
       1
       1
       6
       3
       1
       2
       5
       5
       2
       0
       6
       2
       2
       4
       5
       2
       2
       3
       1
       0
       1
       2
       1
       2
       2
       1
       0
       3
       4
       2
       3
       2
       5
       2
       5
       3
       3
       1
       5
       1
       3
       4
       3
       0
       2
       0
       0
       1
       6
       6
       0
       2
       3
       2
       3
       0
       3
       3
       4
       1
       4
       4
       1
       3
       1
       0
       2
       6
       1
       4
       3
       2
       0
       1
       1
       2
       0
       2
       4
       0
       0
       1
       1
       2
       2
       3
       2
       3
       5
       1
       5
       1
       2
       2
       1
       2
       0
       1
       3
       3
       0
       0
       1
       3
       2
       2
       5
       2
       2
       2
       0
       0
       2
       1
       2
       1
       1
       2
       2
       1
       2
       1
       2
       3
       1
       0
       1
       2
       3
       2
       1
       2
       2
       3
       1
       2
       0
       1
       4
       3
       2
       1
       0
       3
       2
       2
       1
       1
       0
       1
       1
       2
       4
       1
       3
       1
       1
       1
       2
       3
       2
       0
       1
       2
       1
       0
       2
       3
       0
       0
       0
       1
       2
       1
       0
       4
       2
       2
       1
       3
       1
       0
       0
       2
       1
       4
       0
       2
       2
       1
       2
       0
       2
       0
       3
       1
       1
       2
       1
       2
       2
       0
       1
       1
       1
       3
       2
       0
       4
       0
       2
       2
       2
       2
       2
       1
       1
       2
       1
       2
       1
       0
       3
       0
       1
       2
       0
       1
       0
       0
       1
       0
       3
       2
       2
       2
       0
       0
       3
       1
       0
       0
       2
       0
       2
       2
       3
       0
       1
       1
       1
       0
       1
       1
       0
       0
       1
       0
       1
       0
       0
       1
       3
       0
       0
       0
       0
       1
       0
       0
       0
       1
       2
       0
       1
       0
       1
       0
       0
       2
       0
       1
       1
       0
       2
       2
       2
       2
       1
       1
       0
       0
       1
       0
       0
       0
       1
       1
       0
       0
       1
       2
       2
       2
       1
       0
       0
       1
       1
       1
       1
       2
       0
       0
       1
       0
       1
       1
       0
       1
       2
       2
       0
       2
       0
       2
       0
       1
       3
       1
       0
       1
       0
       0
       5
       0
       4
       2
       3
       0
       4
       1
       1
       1
       1
       0
       3
       1
       2
       0
       1
       1
       3
       1
       2
       4
       4
       1
       1
       0
       0
       0
       2
       1
       0
       0
       3
       0
       0
       0
       0
       0
       0
       1
       1
       0
       1
       1
       0
       0
       0
       1
       0
       2
       1
       2
       1
       1
       1
       0
       1
       0
       1
       1
       1
       0
       0
       2
       0
       0
       1
       0
       0
       0
       0
       0
       0
       1
       0
       1
       0
       1
       0
       0
       0
       0
       3
       0
       0
       0
       0
       1
       0
       0
       0
       1
       0
       2
       1
       1
       0
       2
       0
       1
       1
       0
       1
       2
       1
       0
       0
       1
       1
       0
       0
       0
       2
       0
       0
       0
       0
       0
       0
       0
       1
       0
       0
       0
       0
       0
       0
       1
       1
       0
       1
       1
       0
       0
       1
       0
       2
       0
       0
       0
       0
       0
       0
       0
       0
       1
       0
       0
       0
       1
       0
       0
       1
       0
       1
       0
       0
       0
       1
       1
       1
       1
       2
       0
       0
       0
       1
       1
       0
       0
       1
       0
       1
       0
       2
       0
       0
       0
       0
       0
       0
       0
       1
       0
       0
       0
       0
       0
       0
       0
       0
       0
       0
       0
       0
       1
       0
       0
       0
       0
       0
       1
       0
       0
       0
       1
       0
       0
       0
       0
       0
       0
       0
       2
       1
       1
       1
       1
       0
       0
       0
       0
       0
       0
       0
       0
       0
       0
       0
       0
       0
       1
       0
       1
       1
       0
       0
       0
       0
       0
       0
       0
       1
       0
       0
       0
       0
       0
       1
       0
       0
       0
       0
       0
       0
       0
       1
       0
       0
       0
       0
       0
       0
       0
       0
       0
       0
       0
       0
       0
       1
       0
       1
       2
       0
       0
       0
       0
       0
       0
       0
       0
       0
       0
$ROI:
3
24 57
296 426
560 760
$PRESETS:
None
0
0
$ENER_FIT:
-8.735224 1.899029
$MCA_CAL:
3
-8.735224E+000 1.899029E+000 0.000000E+000 keV
$SHAPE_CAL:
3
6.150479E+000 1.062013E-001 0.000000E+000
