$SPEC_ID:
No sample description was entered.
$SPEC_REM:
DET# 1
DETDESC# SPACESCIENCE4 digiBASE-RH SN 15121435
AP# Maestro Version 7.01
$DATE_MEA:
10/14/2024 14:43:23
$MEAS_TIM:
149 150
$DATA:
0 1023
       0
       0
       0
       0
       0
     394
    1651
    1071
     626
     412
     344
     330
     351
     446
     509
     630
     731
     874
    1010
     954
     925
     823
     785
     652
     520
     449
     371
     314
     304
     309
     295
     312
     312
     306
     310
     317
     319
     354
     354
     384
     395
     363
     399
     365
     407
     421
     402
     426
     411
     413
     403
     443
     427
     400
     451
     432
     441
     433
     431
     444
     449
     423
     453
     458
     443
     447
     485
     476
     447
     445
     459
     450
     475
     470
     491
     500
     493
     475
     476
     436
     437
     520
     464
     475
     480
     464
     494
     489
     489
     501
     462
     476
     473
     486
     474
     484
     482
     524
     503
     541
     535
     540
     524
     512
     565
     512
     567
     558
     532
     536
     524
     568
     579
     504
     520
     505
     532
     539
     470
     541
     521
     501
     471
     470
     508
     458
     460
     446
     484
     477
     423
     452
     476
     497
     459
     432
     404
     453
     430
     414
     436
     430
     436
     423
     398
     408
     354
     416
     383
     374
     385
     382
     389
     409
     379
     407
     358
     360
     367
     341
     347
     342
     360
     341
     358
     334
     358
     313
     315
     370
     332
     302
     322
     331
     340
     307
     295
     308
     311
     319
     272
     305
     298
     278
     304
     284
     245
     283
     301
     283
     274
     272
     319
     277
     288
     294
     267
     290
     270
     284
     284
     261
     285
     277
     279
     268
     242
     297
     263
     267
     284
     283
     254
     281
     256
     252
     278
     255
     263
     267
     272
     263
     277
     255
     250
     248
     247
     269
     272
     243
     248
     231
     212
     222
     221
     248
     231
     216
     220
     215
     207
     221
     192
     177
     183
     212
     186
     186
     184
     162
     166
     159
     146
     160
     145
     141
     133
     140
     118
     123
     141
     123
     104
     106
     108
     114
     113
      90
      74
      97
      77
      88
      89
      75
      76
      77
      82
      71
      69
      65
      60
      59
      83
      71
      68
      60
      63
      48
      61
      46
      63
      58
      61
      50
      60
      65
      58
      61
      71
      61
      58
      69
      61
      64
      72
      63
      74
      66
      92
      79
      99
      94
     112
     110
     121
     126
     132
     153
     138
     166
     157
     183
     192
     181
     252
     231
     244
     282
     268
     311
     311
     357
     375
     387
     389
     394
     462
     432
     508
     482
     519
     547
     506
     564
     562
     542
     533
     605
     635
     643
     623
     609
     649
     638
     643
     649
     595
     597
     623
     607
     578
     592
     571
     540
     541
     504
     504
     513
     469
     456
     449
     400
     380
     371
     389
     349
     339
     328
     308
     267
     265
     263
     255
     250
     226
     177
     198
     155
     182
     158
     155
     150
     154
     135
     119
     132
     113
     113
     116
     129
      93
      90
      84
      80
      84
      93
      80
      67
      72
      57
      69
      64
      68
      68
      57
      63
      55
      43
      51
      50
      44
      48
      40
      43
      39
      37
      36
      34
      28
      23
      28
      23
      20
      21
      18
      29
      24
      27
      25
      14
      16
      21
      15
      14
      13
      12
      15
      19
      17
      10
      14
       9
      10
       8
       4
      15
       9
      10
       9
       4
       7
       3
       6
       7
       5
       7
      11
       6
       7
       3
       6
       7
       7
       5
       7
       4
       3
       9
       3
       1
       6
       9
       5
       3
       8
       6
       1
       3
       2
       4
       2
       0
       2
       4
       5
       5
       7
       2
       1
       4
       0
       1
       0
       3
       1
       2
       4
       1
       3
       0
       1
       2
       2
       1
       5
       1
       3
       3
       1
       1
       1
       1
       0
       0
       1
       3
       1
       1
       1
       1
       2
       0
       1
       2
       3
       3
       0
       5
       2
       1
       0
       2
       4
       1
       1
       1
       1
       2
       1
       0
       1
       3
       2
       0
       1
       2
       3
       1
       2
       1
       2
       3
       1
       1
       1
       1
       2
       1
       1
       2
       1
       0
       1
       0
       2
       1
       2
       0
       0
       3
       2
       0
       2
       1
       2
       3
       1
       0
       1
       0
       0
       1
       3
       1
       2
       1
       2
       1
       0
       2
       1
       0
       1
       1
       2
       1
       0
       0
       0
       0
       2
       1
       1
       0
       0
       0
       1
       0
       3
       1
       1
       1
       1
       0
       0
       3
       1
       0
       1
       0
       0
       1
       0
       3
       2
       1
       0
       2
       0
       0
       1
       0
       0
       1
       2
       3
       4
       0
       1
       1
       0
       0
       0
       1
       2
       0
       1
       0
       2
       1
       0
       0
       2
       2
       0
       0
       0
       0
       1
       2
       1
       0
       1
       1
       2
       1
       0
       2
       1
       2
       0
       1
       2
       0
       1
       0
       0
       2
       1
       1
       2
       2
       2
       1
       0
       0
       0
       3
       1
       0
       2
       1
       0
       1
       1
       3
       1
       1
       0
       0
       1
       1
       1
       2
       1
       3
       0
       0
       4
       0
       1
       3
       1
       0
       0
       0
       1
       0
       0
       4
       0
       1
       1
       0
       2
       0
       2
       0
       0
       2
       2
       0
       1
       3
       1
       2
       0
       0
       0
       3
       4
       2
       2
       1
       0
       1
       2
       2
       1
       1
       2
       1
       0
       0
       1
       0
       0
       1
       2
       1
       0
       1
       0
       1
       2
       0
       1
       1
       1
       1
       0
       2
       1
       2
       2
       1
       0
       0
       4
       1
       1
       0
       1
       0
       0
       0
       2
       1
       0
       0
       1
       2
       2
       2
       0
       0
       1
       1
       0
       0
       0
       0
       1
       1
       1
       1
       1
       1
       0
       0
       0
       1
       1
       0
       1
       1
       0
       1
       0
       0
       2
       0
       3
       0
       3
       0
       0
       0
       2
       0
       0
       1
       0
       1
       0
       0
       1
       1
       0
       1
       0
       0
       0
       1
       0
       2
       1
       1
       2
       0
       0
       1
       0
       0
       0
       2
       1
       1
       0
       0
       0
       1
       1
       1
       1
       0
       1
       0
       0
       0
       1
       0
       0
       1
       1
       0
       0
       1
       1
       0
       0
       0
       0
       0
       0
       0
       0
       0
       0
       1
       0
       0
       0
       0
       1
       0
       0
       1
       0
       1
       1
       0
       2
       0
       0
       0
       0
       0
       0
       0
       0
       0
       1
       1
       1
       1
       2
       0
       0
       0
       1
       0
       0
       0
       1
       0
       0
       0
       0
       0
       0
       0
       0
       1
       1
       0
       0
       0
       0
       0
       0
       0
       0
       0
       1
       1
       0
       0
       0
       0
       0
       0
       0
       0
       0
       0
       0
       0
       0
       0
       0
       0
       1
       0
       0
       0
       0
       0
       0
       0
       0
       0
       0
       0
       0
       1
       0
       1
       1
       0
       1
       0
       0
       0
       1
       1
       0
       0
       0
       0
       1
       0
       0
       1
       1
       0
       0
       1
       0
       1
       0
       0
       0
       1
       0
       0
       1
       0
       0
       0
       0
       0
       1
       0
$ROI:
3
24 57
296 426
560 760
$PRESETS:
None
0
0
$ENER_FIT:
-8.735224 1.899029
$MCA_CAL:
3
-8.735224E+000 1.899029E+000 0.000000E+000 keV
$SHAPE_CAL:
3
6.150479E+000 1.062013E-001 0.000000E+000
