$SPEC_ID:
No sample description was entered.
$SPEC_REM:
DET# 1
DETDESC# SPACESCIENCE4 digiBASE-RH SN 15121435
AP# Maestro Version 7.01
$DATE_MEA:
10/14/2024 15:59:40
$MEAS_TIM:
300 300
$DATA:
0 1023
       0
       0
       0
       0
       0
     137
     526
     370
     194
     145
      94
     101
     101
     113
     124
     143
     147
     156
     157
     130
     111
     104
      78
      92
      75
     103
      95
     106
     135
     126
     131
     149
     143
     159
     162
     169
     198
     177
     184
     198
     151
     178
     178
     188
     183
     195
     190
     175
     207
     200
     216
     206
     202
     181
     191
     180
     187
     189
     213
     194
     185
     168
     213
     169
     151
     181
     166
     170
     198
     169
     171
     155
     164
     153
     159
     163
     135
     150
     164
     138
     149
     147
     144
     127
     135
     128
     140
     135
     125
     134
     125
     128
     113
     121
     110
     122
     113
     103
      98
     115
      99
     111
     102
      81
      99
     105
     102
     101
     103
     110
      83
      65
      84
      91
      88
      81
      99
      78
      91
      79
      84
      97
      81
      75
      87
      76
      65
      80
      79
      70
      66
      50
      69
      70
      66
      68
      51
      70
      60
      50
      62
      52
      59
      49
      64
      57
      61
      51
      65
      59
      61
      61
      45
      57
      54
      43
      42
      42
      49
      31
      44
      48
      54
      55
      37
      34
      44
      46
      36
      33
      40
      35
      31
      46
      38
      27
      37
      34
      34
      33
      38
      34
      40
      27
      31
      30
      34
      31
      35
      32
      37
      42
      19
      32
      36
      22
      28
      21
      29
      27
      29
      26
      36
      21
      22
      32
      28
      26
      28
      17
      35
      30
      29
      14
      17
      24
      22
      20
      21
      17
      31
      24
      21
      20
      25
      20
      20
      20
      19
      22
      30
      18
      20
      22
      20
      19
      12
       9
      20
      10
      16
      15
      19
      24
      17
      18
      18
      14
      21
      16
       7
      11
      13
      15
       8
      24
      14
      18
      20
      18
      18
      10
      12
      16
      18
      11
      20
       9
      18
      16
      20
      16
      12
      14
       8
      16
      17
       8
      15
      14
      12
      10
      20
      18
      20
      18
      20
      14
       9
      13
      16
      14
      17
      21
      12
      19
      15
      15
      11
      21
      20
      16
      13
      10
      13
      13
      16
      15
       8
      18
      18
      20
      17
       9
      12
      13
      18
      10
      12
       8
      12
       8
      13
      17
      13
      19
      13
       9
      10
       9
       6
      14
      15
       7
      10
      10
      13
      12
      17
      11
       8
      12
      12
      14
       9
      12
      12
       8
       3
      11
      17
      14
      11
      14
      11
      10
      14
      19
       2
       6
       7
       6
       9
       7
      15
      17
      13
       5
       9
       9
      12
       4
      13
      14
       7
       5
       4
       8
       8
      12
       7
       3
      10
      11
      11
       6
      11
      13
      15
      12
      12
      10
      13
       9
      11
       5
      16
      17
       5
      13
       9
       7
       9
       4
      10
       8
       6
       8
      10
      12
      14
       8
      11
       4
       7
      12
       7
       6
       6
       9
       7
       6
       6
      10
       9
       4
      10
      11
       7
      10
       5
      11
       7
       6
       9
      11
       7
       6
       9
       5
      18
       7
       9
      10
       7
       7
      12
       7
       9
       8
      14
       6
      11
       8
       7
       5
      11
       4
       9
       8
      12
      12
      10
       7
       7
      11
       5
       8
       8
       6
      12
       5
       6
       7
       9
       9
       8
       4
      10
       5
       8
      10
       7
       4
      13
       7
      13
      11
       4
       7
       6
       8
       6
       8
      13
      11
       5
       9
       9
       6
       6
       6
       7
       5
       4
      11
       4
       7
       7
       9
       8
       9
       8
      12
       5
      10
       6
       4
      13
       8
       5
      10
       6
       3
      15
       3
       3
       5
       5
       6
       5
       4
       4
       9
       5
       8
       4
       8
       6
       2
       8
       5
       5
       4
       7
      10
       3
       8
       5
       9
       6
       4
       4
       6
      12
       2
      11
      11
      11
       4
       4
       7
       4
       5
      10
      11
      12
       9
      10
       9
       7
       1
       6
      10
       9
       9
       7
       9
       8
       9
       5
      11
       8
      10
       8
       9
      12
       7
       7
       8
       8
       6
      11
       7
       3
       7
      12
       5
       6
       3
       8
       6
       5
      17
       9
      11
       5
       6
      11
      14
       7
       6
       9
       8
       2
      10
       3
       4
       4
       4
      12
      12
       6
       5
      12
       7
       6
       8
       5
       6
       8
       2
      11
       6
       5
       7
       6
       7
       8
       8
       6
       4
       5
      10
       4
       1
       6
       5
       3
       5
       5
       9
      11
       3
       8
       3
       7
       4
       4
       8
       4
       1
       5
       9
       5
       6
       4
       4
       5
       6
      12
       4
       9
      11
       9
       4
      10
       5
       5
       2
       3
       2
       6
       9
       3
       6
       3
       7
       5
       5
       6
       6
       6
       4
       6
       5
       4
      11
       5
       5
       5
       6
       9
       8
       6
       4
       5
       4
       3
       4
       7
       5
       5
       4
       7
       5
       4
       1
       3
       6
       2
       6
       2
       9
       6
       2
       9
       4
       5
       5
       6
       0
       7
       1
       5
       7
       6
       4
       4
       5
       2
       1
       4
       3
       7
       5
       4
       8
       2
       2
       4
       2
       7
       4
       1
       2
       5
       7
       0
       2
       3
       6
       6
       5
       4
       3
       5
       5
       5
       4
       1
       3
       2
       1
       2
       3
       3
       2
       4
       4
       4
       3
       3
       0
       3
       2
       1
       0
       3
       3
       3
       5
       2
       5
       5
       4
       2
       0
       3
       2
       1
       2
       1
       1
       2
       6
       2
       3
       1
       0
       2
       1
       0
       2
       3
       1
       1
       4
       2
       1
       3
       2
       3
       2
       1
       3
       1
       0
       1
       0
       1
       1
       1
       1
       0
       0
       2
       1
       1
       1
       3
       1
       2
       2
       0
       0
       0
       0
       3
       2
       1
       1
       0
       1
       3
       0
       2
       0
       0
       1
       1
       0
       1
       1
       1
       0
       0
       2
       0
       1
       0
       0
       0
       1
       3
       1
       1
       0
       1
       0
       1
       2
       1
       0
       1
       0
       1
       2
       0
       0
       1
       1
       3
       0
       3
       0
       0
       0
       2
       3
       1
       1
       0
       0
       1
       0
       1
       1
       0
       1
       3
       0
       0
       1
       1
       0
       1
       0
       0
       3
       1
       0
       0
       1
       1
       2
       0
       0
       1
       0
       1
       0
       0
       2
       0
       0
       0
       2
       0
       0
       1
       1
       2
       2
       2
       0
       0
       0
       0
       0
       0
       0
       0
       0
       1
       0
       0
       1
       0
       0
       0
       2
       2
       0
       1
       0
       0
       0
       0
       0
       0
       1
       2
       0
       0
       2
       0
       0
       0
       0
       0
       0
       0
       1
       0
       0
       0
       0
       1
       2
       1
       1
       0
       0
       0
       1
       0
       1
       1
       1
       0
       0
       0
       1
       0
       1
       1
       0
       0
       0
       0
       0
       1
       0
       1
       1
       0
       0
       0
       0
       0
       0
       0
       0
$ROI:
3
24 57
296 426
560 760
$PRESETS:
None
0
0
$ENER_FIT:
-8.735224 1.899029
$MCA_CAL:
3
-8.735224E+000 1.899029E+000 0.000000E+000 keV
$SHAPE_CAL:
3
6.150479E+000 1.062013E-001 0.000000E+000
