$SPEC_ID:
No sample description was entered.
$SPEC_REM:
DET# 1
DETDESC# SPACESCIENCE4 digiBASE-RH SN 15121435
AP# Maestro Version 7.01
$DATE_MEA:
10/14/2024 15:36:28
$MEAS_TIM:
158 158
$DATA:
0 1023
       0
       0
       0
       0
       0
     229
     966
     729
     690
     874
    1242
    1782
    2646
    3552
    4479
    5341
    5652
    5781
    5641
    4910
    4039
    3310
    2647
    2347
    2343
    2467
    2977
    3764
    4385
    5114
    6082
    6779
    7293
    7511
    7530
    7099
    6510
    5848
    4852
    3880
    3137
    2331
    1676
    1207
     833
     549
     378
     273
     226
     179
     141
     153
     126
     107
     120
     107
     122
     109
     119
     117
      95
     109
      90
      94
      97
      93
     102
      90
      96
      92
      91
      91
      90
      90
      79
      70
      81
      76
      82
      62
      77
      83
      73
      65
      78
      58
      58
      67
      61
      73
      63
      65
      50
      64
      62
      59
      63
      70
      64
      56
      49
      72
      54
      59
      34
      57
      52
      45
      54
      31
      46
      52
      53
      45
      41
      47
      48
      43
      44
      48
      33
      50
      48
      45
      35
      36
      51
      28
      26
      28
      34
      38
      37
      27
      38
      32
      25
      32
      33
      34
      17
      25
      30
      21
      28
      30
      25
      16
      30
      22
      18
      23
      19
      27
      17
      27
      17
      32
      17
      25
      18
      13
      26
      16
      24
      20
      29
      11
      17
      16
      13
      22
      25
      17
      16
      17
      16
      10
      15
      13
      11
      18
      11
       9
      19
      17
      17
      13
      10
      25
      15
      13
      10
       9
       7
       7
      19
      11
      24
       9
      15
      15
      13
      13
       9
      10
      12
      11
      19
      13
       8
      14
      10
      14
      17
      14
       8
      14
      10
       9
      14
      10
       9
       8
       6
       8
       7
       8
      10
      14
       9
       8
       9
       7
       8
       5
      12
       6
       8
       5
       7
       6
       4
       7
       8
       5
       7
       6
       4
       4
       5
       4
       8
       4
       6
       9
       3
      10
       7
       9
       7
       6
       2
       1
      10
       5
       7
       4
      12
       8
       7
       8
       4
       4
       8
       6
       5
       4
       7
       5
       6
       4
       3
       5
       8
       4
       5
      10
       3
       3
       9
       9
       7
       9
       6
       2
       5
       5
       4
       6
       3
       2
       7
       5
       5
       3
       5
       7
       4
       9
       6
       3
       3
       4
       2
       3
       7
      10
       5
       4
       3
      10
       5
       8
       6
       6
       1
       8
       6
       5
       4
       3
       2
       8
      12
       4
       9
       8
       9
       3
       6
       4
       9
       4
       4
       4
       3
       5
       7
       6
       4
       2
       5
       4
       4
       4
       5
       4
       7
       4
       2
       5
       3
       1
       2
       2
       0
       4
       2
       1
       4
       1
       4
       4
       1
       5
       5
       5
       4
       2
       6
       2
       3
       2
       0
       3
       4
       2
       3
       3
       7
       0
       3
       5
       4
       3
       2
       2
       2
       2
       2
       0
       6
       1
       3
       2
       4
       1
       4
       1
       3
       3
       2
       2
       2
       4
       1
       6
       2
       2
       1
       3
       3
       2
       5
       3
       3
       0
       1
       0
       3
       4
       1
       1
       0
       3
       3
       2
       6
       6
       3
       0
       2
       4
       2
       2
       2
       1
       2
       1
       3
       0
       1
       2
       0
       3
       3
       1
       0
       0
       2
       3
       2
       1
       1
       1
       2
       1
       3
       3
       1
       3
       2
       0
       0
       2
       4
       5
       1
       0
       1
       4
       1
       2
       1
       1
       3
       0
       3
       1
       3
       2
       2
       3
       3
       3
       2
       2
       0
       2
       3
       0
       1
       0
       0
       2
       0
       0
       3
       4
       0
       3
       1
       4
       2
       4
       2
       3
       6
       3
       1
       2
       4
       0
       1
       2
       1
       4
       0
       1
       0
       4
       3
       2
       1
       3
       1
       2
       3
       1
       3
       1
       1
       4
       2
       0
       1
       1
       0
       6
       5
       2
       0
       2
       3
       1
       2
       1
       2
       1
       3
       1
       1
       2
       3
       3
       0
       2
       4
       2
       1
       0
       0
       1
       0
       2
       0
       1
       2
       3
       1
       1
       1
       1
       2
       0
       1
       2
       2
       2
       0
       1
       0
       0
       2
       2
       0
       3
       3
       2
       1
       3
       3
       1
       1
       2
       2
       4
       0
       1
       0
       3
       3
       2
       2
       2
       1
       1
       1
       3
       2
       1
       2
       0
       2
       2
       1
       3
       0
       0
       2
       1
       0
       0
       1
       0
       0
       0
       1
       0
       2
       0
       2
       1
       0
       5
       0
       1
       1
       1
       1
       1
       1
       0
       0
       0
       1
       0
       0
       0
       2
       0
       2
       3
       0
       3
       1
       0
       1
       1
       0
       2
       1
       1
       0
       0
       0
       1
       1
       0
       2
       1
       0
       1
       1
       0
       1
       0
       0
       4
       1
       1
       1
       0
       1
       1
       2
       1
       3
       1
       0
       2
       4
       0
       2
       1
       2
       1
       0
       1
       2
       0
       1
       4
       1
       1
       2
       1
       1
       2
       0
       1
       2
       2
       2
       0
       1
       3
       0
       0
       1
       1
       2
       2
       2
       3
       2
       4
       0
       1
       1
       1
       1
       1
       1
       2
       0
       1
       0
       1
       1
       0
       1
       2
       0
       0
       0
       0
       2
       0
       0
       2
       0
       2
       1
       0
       1
       2
       2
       1
       0
       1
       0
       0
       3
       1
       2
       0
       1
       1
       3
       0
       2
       1
       1
       0
       0
       0
       0
       0
       2
       1
       1
       1
       1
       0
       1
       0
       1
       0
       0
       1
       0
       0
       0
       0
       0
       0
       0
       0
       0
       0
       1
       1
       3
       0
       1
       0
       2
       0
       1
       1
       0
       0
       1
       0
       0
       0
       2
       0
       0
       2
       0
       0
       0
       0
       0
       1
       0
       1
       0
       2
       0
       1
       0
       1
       1
       0
       0
       1
       0
       1
       0
       0
       1
       0
       1
       0
       0
       0
       1
       0
       0
       1
       0
       2
       1
       1
       1
       0
       0
       0
       1
       0
       1
       0
       0
       1
       0
       0
       0
       2
       1
       0
       0
       2
       0
       0
       0
       0
       1
       1
       0
       0
       0
       0
       1
       0
       1
       0
       0
       1
       0
       1
       0
       0
       2
       0
       0
       0
       0
       2
       0
       1
       0
       1
       1
       1
       0
       0
       0
       0
       0
       0
       1
       0
       0
       0
       0
       0
       0
       0
       1
       0
       1
       0
       0
       0
       0
       0
       0
       1
       0
       0
       0
       0
       1
       0
       0
       0
       0
       0
       0
       1
       1
       0
       1
       0
       0
       1
       0
       1
       1
       1
       0
       0
       0
       0
       0
       0
       0
       0
       0
       0
       1
       0
       0
       0
       0
       1
       0
       0
       0
       0
       0
       0
       1
       0
       0
       0
       0
       0
       0
       1
       0
       0
       0
       0
       0
       1
       0
       0
       0
       1
       1
       0
       0
       0
       0
       0
       0
       0
       1
       0
       0
       0
       0
       0
       0
       2
       0
       0
       0
       0
$ROI:
3
24 57
296 426
560 760
$PRESETS:
None
0
0
$ENER_FIT:
-8.735224 1.899029
$MCA_CAL:
3
-8.735224E+000 1.899029E+000 0.000000E+000 keV
$SHAPE_CAL:
3
6.150479E+000 1.062013E-001 0.000000E+000
