$SPEC_ID:
No sample description was entered.
$SPEC_REM:
DET# 1
DETDESC# SPACESCIENCE4 digiBASE-RH SN 15121435
AP# Maestro Version 7.01
$DATE_MEA:
10/14/2024 14:52:00
$MEAS_TIM:
150 151
$DATA:
0 1023
       0
       0
       0
       0
       0
     565
    1909
    1285
     777
     493
     467
     432
     501
     581
     713
     865
    1023
    1094
    1156
    1097
     966
     890
     747
     628
     529
     396
     439
     377
     378
     367
     369
     354
     370
     381
     410
     412
     413
     397
     428
     451
     395
     445
     448
     432
     473
     483
     479
     489
     509
     494
     487
     502
     513
     520
     527
     557
     547
     529
     532
     539
     554
     541
     554
     562
     562
     566
     562
     540
     550
     598
     559
     578
     555
     583
     565
     535
     584
     541
     557
     580
     564
     551
     580
     552
     546
     549
     572
     553
     607
     576
     547
     588
     594
     592
     612
     591
     597
     646
     615
     634
     673
     640
     598
     656
     675
     634
     642
     659
     639
     601
     644
     632
     634
     634
     703
     664
     643
     630
     599
     628
     634
     620
     614
     628
     584
     619
     595
     606
     633
     638
     569
     565
     577
     550
     567
     550
     526
     508
     573
     544
     550
     554
     506
     492
     510
     498
     429
     486
     485
     530
     488
     432
     491
     469
     426
     436
     469
     475
     412
     504
     434
     414
     435
     408
     402
     398
     400
     406
     413
     380
     420
     433
     461
     418
     375
     380
     360
     382
     373
     376
     358
     399
     395
     345
     384
     399
     366
     394
     377
     325
     342
     332
     379
     354
     318
     401
     399
     374
     320
     326
     352
     378
     377
     340
     355
     347
     318
     343
     340
     359
     310
     331
     339
     283
     303
     298
     280
     351
     338
     313
     292
     314
     333
     300
     317
     328
     336
     323
     297
     301
     280
     297
     275
     262
     288
     300
     260
     248
     225
     248
     235
     249
     239
     251
     196
     204
     220
     207
     201
     173
     201
     184
     166
     182
     140
     161
     132
     145
     141
     130
     132
     145
     115
     119
     125
     124
     111
     114
     108
      96
      92
      88
      85
      97
      81
      81
      71
      85
      98
      66
      86
      75
      78
      81
      61
      70
      83
      59
      80
      69
      78
      67
      70
      81
      77
      80
      71
      86
      97
      84
      93
      84
     116
     107
      99
     115
     107
     130
     115
     122
     149
     163
     136
     156
     194
     177
     191
     227
     230
     234
     235
     242
     270
     329
     303
     329
     376
     410
     409
     428
     429
     464
     484
     523
     481
     529
     556
     565
     617
     625
     631
     640
     634
     651
     714
     673
     702
     737
     695
     727
     754
     727
     763
     702
     680
     699
     724
     705
     700
     707
     690
     651
     661
     616
     628
     650
     590
     548
     532
     544
     534
     527
     496
     422
     450
     412
     414
     395
     371
     344
     318
     334
     327
     282
     255
     254
     246
     239
     231
     224
     249
     202
     185
     210
     163
     178
     164
     146
     147
     131
     146
     140
     123
     126
     113
     120
     105
     102
      98
     110
      97
      89
      95
      82
      76
      52
      75
      74
      62
      51
      60
      54
      48
      53
      48
      51
      45
      44
      47
      43
      33
      49
      30
      34
      35
      34
      30
      29
      34
      24
      27
      26
      19
      26
      27
      18
      21
      32
      27
      19
      27
      13
      17
      19
      23
      14
      12
      14
       9
       9
      13
      14
      11
       6
      12
      10
      15
      10
      12
      12
       9
       2
       9
      10
      13
       6
       6
       6
       7
       5
       5
       4
       3
       7
       2
       2
       5
       4
       3
       0
       4
       1
       2
       0
       7
       4
       2
       5
       4
       4
       0
       1
       1
       3
       9
       2
       2
       1
       2
       5
       1
       2
       1
       1
       2
       1
       1
       3
       3
       3
       3
       1
       2
       1
       1
       1
       1
       0
       2
       0
       3
       2
       0
       3
       1
       2
       1
       0
       1
       1
       3
       3
       1
       1
       1
       2
       0
       1
       1
       1
       1
       2
       2
       2
       0
       2
       2
       0
       4
       3
       1
       2
       0
       1
       5
       1
       0
       2
       2
       1
       2
       0
       4
       4
       4
       0
       0
       0
       2
       5
       0
       0
       1
       1
       1
       0
       2
       2
       4
       0
       1
       1
       4
       1
       0
       2
       1
       0
       1
       3
       4
       1
       1
       0
       0
       2
       2
       2
       3
       2
       1
       2
       0
       2
       2
       0
       0
       1
       1
       2
       2
       1
       2
       3
       0
       2
       4
       1
       0
       1
       0
       1
       0
       0
       1
       0
       0
       2
       1
       0
       1
       1
       1
       0
       1
       2
       2
       0
       1
       0
       1
       2
       0
       0
       2
       1
       1
       1
       1
       1
       0
       0
       1
       1
       0
       2
       1
       0
       2
       1
       1
       0
       1
       2
       0
       0
       1
       2
       4
       3
       1
       0
       2
       1
       2
       0
       0
       2
       0
       2
       0
       2
       1
       0
       2
       2
       0
       2
       0
       0
       1
       0
       3
       1
       2
       1
       2
       1
       1
       0
       1
       1
       0
       1
       0
       1
       2
       1
       2
       1
       2
       0
       1
       1
       0
       2
       0
       0
       3
       3
       0
       0
       1
       1
       1
       2
       1
       3
       6
       0
       2
       1
       1
       1
       1
       1
       1
       1
       1
       0
       0
       1
       1
       2
       1
       1
       1
       2
       3
       3
       1
       1
       0
       2
       0
       1
       0
       1
       2
       2
       0
       1
       1
       1
       1
       1
       1
       1
       1
       1
       1
       3
       1
       3
       0
       0
       1
       1
       0
       1
       3
       0
       0
       0
       1
       1
       0
       0
       0
       0
       1
       1
       1
       0
       0
       2
       0
       0
       2
       2
       2
       0
       0
       2
       0
       2
       0
       1
       0
       1
       0
       0
       2
       2
       1
       0
       0
       2
       0
       1
       0
       0
       0
       0
       2
       3
       1
       1
       1
       1
       0
       2
       0
       0
       0
       1
       0
       0
       0
       0
       1
       0
       1
       0
       1
       0
       1
       0
       0
       2
       0
       1
       0
       0
       2
       0
       0
       0
       0
       0
       0
       0
       0
       0
       0
       0
       1
       1
       0
       0
       1
       0
       1
       0
       0
       0
       0
       0
       0
       1
       0
       2
       0
       0
       0
       0
       0
       0
       0
       1
       0
       0
       0
       0
       0
       0
       1
       0
       1
       0
       2
       2
       0
       0
       0
       0
       2
       0
       3
       1
       0
       0
       1
       0
       0
       0
       0
       0
       0
       0
       0
       0
       0
       1
       0
       0
       0
       0
       1
       0
       0
       0
       0
       0
       1
       0
       0
       0
       0
       0
       0
       0
       1
       0
       0
       0
       1
       0
       1
       0
       0
       1
       0
       0
       0
       0
       0
       0
       0
       0
       0
       0
       0
       0
       0
       2
       0
       0
       0
       0
       0
       0
       0
       0
       0
       0
       0
       0
       0
       1
       1
       0
       0
       1
       0
       0
       1
       0
       0
       0
       1
       0
       0
       0
       0
       0
       0
       1
       1
       0
       1
       0
       1
       0
       0
       0
       0
       0
       0
       0
       0
       0
       1
       0
$ROI:
3
24 57
296 426
560 760
$PRESETS:
None
0
0
$ENER_FIT:
-8.735224 1.899029
$MCA_CAL:
3
-8.735224E+000 1.899029E+000 0.000000E+000 keV
$SHAPE_CAL:
3
6.150479E+000 1.062013E-001 0.000000E+000
