$SPEC_ID:
No sample description was entered.
$SPEC_REM:
DET# 1
DETDESC# SPACESCIENCE4 digiBASE-RH SN 15121435
AP# Maestro Version 7.01
$DATE_MEA:
10/14/2024 15:04:46
$MEAS_TIM:
299 300
$DATA:
0 1023
       0
       0
       0
       0
       0
     285
    1011
     719
     406
     287
     292
     402
     565
     934
    1392
    2045
    2507
    3021
    3353
    3355
    2890
    2488
    1843
    1427
    1078
     764
     581
     453
     411
     396
     400
     373
     472
     428
     472
     482
     548
     540
     581
     651
     696
     852
     859
     995
    1036
    1106
    1098
    1066
    1230
    1173
    1068
     997
     891
     815
     745
     618
     566
     475
     469
     444
     460
     389
     404
     353
     418
     390
     348
     352
     360
     391
     390
     388
     383
     372
     343
     412
     372
     388
     384
     407
     380
     342
     371
     392
     394
     387
     401
     377
     349
     402
     369
     351
     383
     404
     368
     385
     386
     340
     346
     342
     357
     297
     330
     351
     316
     311
     288
     288
     291
     282
     277
     265
     237
     255
     264
     270
     262
     239
     229
     230
     243
     205
     226
     212
     207
     198
     208
     192
     188
     213
     207
     191
     192
     166
     182
     203
     184
     189
     194
     197
     197
     196
     195
     207
     194
     198
     206
     226
     215
     235
     240
     259
     220
     261
     230
     254
     243
     261
     243
     260
     318
     262
     264
     262
     291
     244
     294
     274
     267
     260
     263
     258
     244
     289
     274
     304
     266
     307
     296
     316
     345
     335
     302
     342
     372
     330
     367
     399
     390
     416
     383
     400
     419
     417
     407
     407
     441
     385
     393
     379
     364
     366
     383
     348
     303
     305
     290
     256
     279
     245
     218
     203
     192
     199
     172
     158
     162
     125
     138
     113
     102
     113
     108
      84
      76
      88
      69
      77
      58
      53
      57
      57
      45
      42
      47
      44
      50
      42
      31
      29
      27
      30
      24
      26
      26
      20
      28
      21
      32
      23
      27
      21
      26
      17
      18
      16
      26
      26
      12
      16
      19
      21
      11
      18
      13
      19
      15
      20
      11
      16
      16
       9
       7
       8
      16
      10
      13
      11
      14
      13
      13
      13
      15
      10
      10
      12
       8
      10
      14
       6
      12
       7
       8
      11
      15
      16
      10
       7
      11
      12
       5
       8
      13
      11
      13
       7
      10
      10
       5
      12
      12
      11
      14
      12
      13
      16
      12
      14
      21
       8
       6
      11
      11
      11
      15
      12
      16
       9
       9
      11
      17
      11
       8
       7
      11
      15
      10
       4
       8
      12
       6
      16
      15
       6
      10
      11
       6
       9
      13
      11
      11
      12
      12
       6
      13
      20
      13
      12
      11
      10
       7
      11
      15
       8
      11
      12
       5
       9
       9
       4
       8
       8
       6
      12
       7
      11
       8
       6
      11
      10
      10
      10
       6
       9
       5
       7
       5
       7
       8
       5
       5
       8
      10
       4
       8
       8
       6
       5
       6
       8
       2
       5
       4
       3
       8
      10
       3
       6
       8
       5
       8
       6
       9
       8
       3
       7
       4
       6
       7
       7
       4
       3
       2
       3
       8
       6
       2
       5
       4
       2
       6
       5
       5
       4
       7
       4
       2
       3
       3
       1
       2
       3
       4
       3
       5
       5
       8
       6
       6
       6
       7
       9
       4
       2
       4
       5
       5
       2
       5
       3
       5
       5
       4
       3
       4
       3
       6
       4
       3
       3
       6
       5
       3
       3
       5
       6
       2
       4
       4
       1
       5
       7
       4
       4
       4
       6
       6
       3
       2
       2
       7
       5
       3
       6
       3
       5
       3
       2
       4
       5
       2
       5
       6
       2
       4
       5
       3
       3
       5
       4
       4
       2
       3
       2
       4
       1
       2
       5
       4
       0
       7
       7
       1
       2
       6
       2
       3
       4
       3
       4
       1
       6
       1
       4
       2
       3
       0
       3
       5
       2
       1
       4
       1
       4
       1
       3
       8
       3
       3
       4
       4
       1
       6
       7
       6
       3
       4
       1
       2
      12
       2
       1
       2
       2
       4
       5
       4
       1
       3
       1
       1
       1
       2
       6
       1
       3
       1
       2
       2
       2
       0
       2
       3
       2
       2
       2
       4
       0
       2
       2
       2
       2
       3
       4
       2
       3
       3
       4
       2
       2
       3
       3
       0
       2
       4
       3
       1
       2
       1
       0
       3
       4
       2
       1
       4
       3
       1
       2
       0
       5
       3
       2
       4
       2
       1
       3
       2
       2
       4
       3
       0
       0
       1
       2
       3
       1
       4
       1
       1
       1
       4
       3
       1
       0
       0
       3
       3
       2
       2
       4
       2
       1
       2
       1
       0
       2
       5
       2
       2
       4
       4
       0
       3
       6
       1
       0
       2
       2
       2
       4
       2
       1
       1
       1
       2
       2
       1
       0
       0
       2
       1
       2
       0
       1
       0
       2
       2
       2
       4
       1
       1
       0
       1
       1
       1
       1
       0
       2
       1
       1
       0
       2
       2
       0
       2
       3
       2
       3
       5
       1
       2
       3
       1
       0
       0
       1
       2
       2
       1
       2
       1
       3
       5
       3
       1
       2
       2
       2
       1
       3
       4
       4
       5
       2
       1
       7
       3
       2
       3
       3
       3
       3
       2
       0
       2
       4
       2
       5
       0
       3
       3
       1
       3
       2
       3
       3
       2
       0
       5
       5
       1
       3
       4
       4
       2
       1
       2
       0
       2
       2
       1
       2
       2
       2
       2
       4
       1
       2
       1
       4
       4
       4
       1
       1
       1
       1
       2
       2
       0
       0
       3
       2
       3
       1
       2
       0
       1
       3
       0
       0
       0
       3
       0
       1
       1
       3
       0
       0
       0
       2
       1
       0
       2
       0
       1
       3
       3
       1
       1
       3
       1
       0
       0
       2
       0
       1
       1
       2
       1
       1
       2
       1
       1
       1
       0
       1
       1
       0
       0
       1
       1
       1
       0
       1
       1
       1
       0
       2
       1
       0
       2
       1
       0
       0
       2
       0
       0
       0
       1
       0
       0
       2
       1
       0
       1
       1
       0
       0
       2
       0
       0
       0
       2
       1
       0
       0
       0
       0
       0
       1
       1
       0
       1
       0
       1
       0
       1
       0
       0
       0
       1
       0
       1
       1
       0
       0
       0
       0
       1
       0
       1
       0
       0
       3
       2
       2
       0
       1
       0
       1
       1
       1
       2
       0
       0
       0
       1
       0
       1
       0
       0
       1
       1
       1
       0
       0
       1
       1
       1
       0
       2
       0
       1
       0
       1
       0
       0
       2
       0
       1
       1
       1
       0
       0
       1
       0
       2
       2
       0
       0
       1
       1
       1
       1
       0
       0
       1
       1
       1
       0
       3
       1
       0
       1
       0
       1
       1
       1
       0
       1
       0
       1
       2
       2
       0
       0
       0
       0
       0
       0
       1
       0
       0
       0
       2
       2
       0
       0
       0
       0
       0
       0
       1
       1
       1
       0
       0
       0
       0
       0
       0
       1
       0
       0
       0
       0
       0
       1
       0
       0
       0
       1
       0
       0
       0
       0
       1
       2
       0
       1
       0
       0
       0
       3
$ROI:
3
24 57
296 426
560 760
$PRESETS:
None
0
0
$ENER_FIT:
-8.735224 1.899029
$MCA_CAL:
3
-8.735224E+000 1.899029E+000 0.000000E+000 keV
$SHAPE_CAL:
3
6.150479E+000 1.062013E-001 0.000000E+000
