$SPEC_ID:
No sample description was entered.
$SPEC_REM:
DET# 1
DETDESC# SPACESCIENCE4 digiBASE-RH SN 15121435
AP# Maestro Version 7.01
$DATE_MEA:
10/14/2024 15:54:09
$MEAS_TIM:
300 300
$DATA:
0 1023
       0
       0
       0
       0
       0
     148
     522
     353
     199
     133
     104
      84
      95
     109
     112
     152
     141
     121
     162
     124
      91
     105
     108
      83
      89
      80
      91
      77
      88
     126
     127
     138
     152
     158
     130
     163
     186
     150
     178
     180
     169
     195
     157
     176
     187
     188
     190
     196
     186
     204
     165
     180
     215
     178
     172
     188
     201
     195
     216
     197
     170
     159
     208
     181
     150
     177
     177
     179
     171
     181
     179
     156
     175
     189
     165
     158
     145
     150
     135
     142
     142
     138
     143
     139
     159
     135
     139
     142
     116
     128
     129
     123
     114
     104
     124
     105
      85
     107
     123
     109
      99
     102
      96
     128
      96
     107
      89
     100
     107
      94
     101
      83
     101
      87
      91
      98
      87
      89
      86
      90
      74
      73
      99
      79
      73
      78
      83
      76
      61
      75
      73
      65
      82
      67
      65
      64
      75
      69
      65
      52
      45
      50
      54
      62
      64
      43
      57
      63
      57
      39
      43
      43
      45
      53
      48
      33
      38
      35
      42
      47
      45
      46
      51
      39
      42
      43
      47
      37
      51
      41
      35
      42
      31
      36
      36
      26
      36
      33
      30
      31
      44
      36
      30
      27
      22
      30
      37
      31
      23
      39
      27
      41
      33
      33
      34
      22
      32
      23
      27
      34
      30
      33
      27
      24
      20
      17
      22
      20
      21
      20
      25
      18
      20
      28
      26
      33
      20
      21
      31
      18
      25
      15
      20
      18
      19
      21
      25
      16
      16
      19
      22
      25
      16
      23
      22
      22
      17
      10
      21
      25
      22
      11
      18
      11
      14
      10
       9
      14
      19
      21
      18
      11
      14
      13
      17
      16
      14
      14
      14
      17
      14
      12
      20
      12
      17
      16
      19
      11
      17
      15
       9
      16
      12
      17
      13
      12
       8
      12
      11
      10
      11
      16
       8
      13
      10
      10
       7
      14
      13
      19
      12
      13
      12
       9
      16
      17
       7
      11
       8
      17
      10
      17
      10
       7
      18
      20
      11
      13
      10
      17
      12
      23
       7
      13
       7
      12
      14
      14
      13
       7
      12
      10
      11
      17
      17
      12
      14
      10
      11
      19
      12
       8
      16
      12
      11
      13
      14
      12
      12
      12
       6
      12
       7
       6
       5
      12
       3
       7
       6
       8
      10
      11
      11
      11
      11
      14
      11
       9
       8
       9
       9
      10
      14
      11
       9
      11
      11
       6
      15
      10
      13
       8
      11
       6
       4
      14
       3
      10
      13
      10
       3
      11
       5
       6
       9
       8
       6
       3
      11
       9
       9
       7
       8
       5
      11
       4
      10
       4
       8
      12
      11
       5
       9
       6
       6
       5
       7
       6
       9
      13
      12
       6
       4
       9
       7
       8
       5
       6
       7
       6
       8
       9
       7
      12
       6
       6
       7
       5
       6
       9
      11
      10
       8
      10
       8
      13
      12
      10
       4
       9
      10
      11
       3
       4
      11
       2
       7
       4
       7
       5
       8
       5
       6
       3
      10
       8
      12
      10
       9
      10
       7
       7
      12
       3
      12
       6
      10
      11
       6
       3
       6
       5
       5
       8
      11
       6
       5
       5
       2
       7
       3
       1
       2
       6
       2
       3
       3
       7
      10
       8
       8
       7
       5
       6
       3
       4
       6
       6
       5
       7
       1
       3
       4
       2
      12
       4
       9
       8
       6
       9
       6
       5
       3
       6
       4
       6
       6
       6
      10
       5
       3
       5
       5
       6
       4
       4
       8
       3
       6
      11
       9
       3
       3
       5
       5
       7
      10
       4
       8
       3
       8
       6
       6
       2
       2
       4
       6
       2
       5
       8
       7
       5
       4
       5
       5
       5
       7
       4
       6
       5
       6
       3
       8
       5
       5
       5
       4
       5
       4
       5
       8
       2
       4
       3
       4
       4
       4
       3
       5
      13
       9
       2
       6
       6
       4
       6
       5
       4
       9
       7
       5
       8
       3
       6
       8
       1
       3
       6
       8
       6
       7
       6
       8
       5
       6
       4
       7
       5
      13
       8
       8
      11
       9
      11
      14
       3
       6
       5
       7
       4
       3
       9
       6
       6
       4
       3
       7
       7
       7
       8
       5
       6
       4
       7
      11
       9
       4
       6
       2
       9
       3
       2
       3
       4
       5
       3
       2
       6
       4
       6
       5
       4
       5
       4
       7
       3
       4
       8
       6
       4
       3
       7
       6
       3
       8
       2
       3
       4
       3
       2
       3
       3
       9
       2
       4
       7
       7
       4
       5
       5
       3
       1
       6
       7
       5
       2
       6
       5
       2
       2
       6
      10
       2
       4
       4
       1
       5
       6
       5
       4
       4
       4
       0
       6
       4
       5
       7
       3
       2
       1
       2
       2
       5
       5
       8
       3
       4
       3
       7
       0
       4
       4
       3
       2
       2
       1
       4
       3
       8
       3
       6
       3
       0
       6
       4
       5
       8
       7
       4
       3
       3
       1
       4
       2
       2
       2
       3
       2
       7
       4
       3
       0
       1
       1
       4
       1
       3
       5
       4
       6
       5
       2
       1
       1
       0
       3
       3
       2
       0
       1
       2
       1
       4
       3
       1
       3
       1
       3
       0
       1
       2
       1
       2
       1
       4
       0
       5
       2
       2
       0
       1
       2
       2
       2
       2
       0
       1
       2
       1
       2
       4
       3
       0
       1
       0
       5
       1
       3
       2
       2
       0
       3
       2
       0
       1
       2
       3
       1
       1
       3
       2
       2
       1
       1
       1
       0
       2
       0
       1
       2
       2
       0
       2
       3
       1
       2
       0
       1
       1
       0
       1
       0
       0
       2
       0
       2
       1
       3
       1
       2
       0
       2
       1
       4
       2
       2
       0
       0
       0
       2
       1
       1
       1
       0
       1
       0
       1
       2
       1
       0
       0
       0
       4
       1
       1
       0
       2
       1
       0
       0
       1
       1
       1
       1
       1
       0
       1
       1
       0
       0
       1
       0
       0
       1
       1
       0
       0
       2
       0
       0
       1
       1
       0
       2
       1
       1
       1
       2
       0
       0
       0
       1
       1
       0
       0
       0
       0
       0
       5
       0
       1
       1
       0
       0
       0
       3
       1
       2
       1
       0
       0
       0
       0
       0
       1
       1
       1
       0
       1
       1
       0
       1
       0
       0
       0
       1
       1
       0
       1
       0
       0
       1
       0
       0
       3
       0
       0
       0
       2
       1
       0
       1
       1
       0
       1
       1
       1
       0
       1
       0
       0
       0
       0
       0
       1
       0
       0
       0
       0
       0
       0
       0
       0
       1
       0
       0
       0
       0
       0
       1
       1
       1
       2
       0
       0
       0
       1
       0
       1
       0
       0
       0
       0
       0
       0
       0
       0
       0
       0
       0
       1
       0
       0
       0
       0
       0
       1
       0
       0
       1
       1
       1
       0
       1
$ROI:
3
24 57
296 426
560 760
$PRESETS:
None
0
0
$ENER_FIT:
-8.735224 1.899029
$MCA_CAL:
3
-8.735224E+000 1.899029E+000 0.000000E+000 keV
$SHAPE_CAL:
3
6.150479E+000 1.062013E-001 0.000000E+000
