$SPEC_ID:
No sample description was entered.
$SPEC_REM:
DET# 1
DETDESC# SPACESCIENCE4 digiBASE-RH SN 15121435
AP# Maestro Version 7.01
$DATE_MEA:
10/14/2024 15:22:06
$MEAS_TIM:
149 150
$DATA:
0 1023
       0
       0
       0
       0
       0
     203
     842
     663
     656
     787
    1123
    1425
    1814
    2345
    2874
    3310
    3752
    3823
    3844
    3512
    2973
    2470
    1932
    1704
    1499
    1431
    1658
    2070
    2569
    3295
    4031
    4857
    5645
    6553
    6928
    7364
    7324
    6872
    6232
    5329
    4477
    3484
    2729
    1980
    1369
    1048
     629
     447
     323
     242
     167
     134
     126
     127
     120
     119
     121
     103
     107
     100
      94
     119
     118
      95
      93
      93
      95
     107
     110
      96
      91
      89
      87
      91
      97
      78
      64
      74
      85
      84
      74
      87
      57
      69
      77
      62
      75
      60
      56
      53
      57
      55
      51
      55
      62
      62
      57
      60
      46
      61
      49
      51
      52
      58
      43
      53
      46
      54
      48
      58
      36
      45
      41
      44
      44
      43
      39
      40
      32
      37
      35
      47
      42
      32
      43
      28
      39
      25
      36
      33
      36
      38
      35
      30
      34
      31
      35
      37
      26
      31
      30
      22
      34
      35
      23
      25
      25
      24
      23
      11
      19
      29
      24
      15
      22
      24
      24
      18
      33
      19
      15
      22
      18
      20
      18
      28
      16
      25
      10
      14
      22
      16
       9
      16
      26
      25
      15
      14
      13
      12
      16
      16
      13
       9
       6
      17
      11
      20
      21
      11
      17
      11
      10
      12
      18
      18
      18
      10
      10
      14
      24
      16
      14
      12
       6
      11
       8
      13
      14
      11
      11
       8
      16
       9
       8
      11
      10
       4
       9
       7
       7
      10
       3
       9
       5
       9
       6
       5
       6
       6
      10
      13
       6
       4
       7
       4
       7
      10
       7
      10
      11
       7
       6
       7
       4
       7
       6
      11
       4
       4
      10
       8
       6
       4
       5
       7
       9
       3
       4
      10
       6
       7
       8
      11
       6
       8
       6
       8
       7
       4
       6
       5
       4
       5
       6
      10
       7
       3
       7
       2
       4
       2
       6
       7
       7
       4
       3
       5
       4
       7
       8
       5
       1
       7
       6
       7
       3
       8
       7
       3
       7
       9
       7
       6
       5
       2
       4
       7
       6
       2
       7
       6
       0
       6
       6
       6
       5
       4
       8
       8
       8
       5
       6
       3
       7
       1
       5
       3
       8
       7
       7
       4
       7
       3
       5
       3
       2
       5
       3
       4
       0
       3
       7
       1
       4
       2
       0
       5
       4
       3
       4
       3
       2
       5
       4
       3
       4
       2
       4
       3
       2
       1
       4
       2
       2
       2
       0
       3
       0
       3
       5
       2
       3
       4
       5
       1
       0
       2
       3
       4
       6
       0
       1
       2
       3
       3
       1
       3
       1
       1
       6
       4
       4
       6
       4
       3
       2
       1
       1
       0
       3
       2
       4
       1
       1
       1
       2
       3
       1
       3
       4
       1
       1
       4
       3
       2
       2
       1
       1
       3
       6
       5
       4
       0
       1
       1
       2
       2
       1
       2
       0
       1
       3
       3
       0
       1
       4
       2
       3
       4
       1
       1
       3
       1
       2
       2
       1
       3
       2
       1
       4
       2
       0
       5
       2
       2
       1
       2
       4
       0
       2
       2
       2
       3
       4
       1
       0
       0
       3
       3
       3
       4
       1
       1
       0
       2
       4
       3
       0
       1
       2
       1
       0
       2
       3
       1
       2
       0
       3
       1
       2
       3
       5
       2
       2
       3
       1
       1
       2
       2
       3
       1
       4
       0
       6
       1
       4
       3
       6
       4
       0
       3
       3
       3
       0
       1
       2
       1
       2
       0
       2
       4
       1
       2
       2
       5
       2
       2
       0
       2
       3
       1
       0
       2
       1
       0
       0
       4
       1
       2
       0
       2
       1
       1
       2
       2
       1
       3
       0
       2
       1
       1
       0
       1
       3
       2
       1
       1
       2
       1
       2
       0
       1
       1
       0
       0
       1
       3
       0
       0
       0
       2
       2
       0
       1
       0
       0
       0
       1
       1
       0
       0
       0
       2
       1
       0
       0
       2
       3
       2
       1
       1
       1
       1
       0
       1
       0
       3
       1
       1
       6
       0
       0
       3
       1
       0
       0
       3
       0
       2
       1
       2
       2
       2
       1
       0
       1
       2
       1
       0
       2
       2
       0
       1
       3
       1
       2
       1
       0
       0
       0
       4
       0
       0
       1
       3
       1
       1
       0
       0
       0
       1
       0
       1
       1
       0
       3
       1
       0
       2
       0
       0
       1
       3
       0
       1
       0
       4
       0
       1
       2
       2
       2
       0
       1
       1
       1
       1
       0
       1
       1
       1
       2
       0
       1
       0
       0
       0
       1
       1
       1
       1
       2
       1
       0
       1
       2
       0
       0
       0
       0
       0
       0
       0
       0
       2
       2
       1
       1
       0
       3
       1
       0
       0
       3
       0
       0
       2
       0
       3
       1
       0
       1
       0
       1
       0
       1
       0
       0
       1
       0
       0
       1
       1
       2
       0
       1
       0
       1
       0
       1
       1
       2
       0
       1
       0
       0
       4
       1
       2
       1
       0
       1
       2
       0
       0
       1
       0
       1
       1
       1
       2
       0
       1
       0
       1
       0
       0
       3
       2
       2
       1
       3
       2
       1
       1
       1
       1
       3
       1
       0
       0
       2
       1
       1
       1
       2
       0
       0
       1
       0
       0
       1
       0
       2
       0
       3
       1
       3
       0
       4
       2
       1
       1
       0
       4
       1
       2
       0
       2
       1
       0
       0
       1
       2
       0
       1
       1
       2
       0
       1
       0
       0
       1
       1
       1
       0
       0
       4
       0
       2
       0
       1
       2
       1
       1
       1
       0
       1
       0
       1
       0
       0
       1
       0
       0
       0
       0
       2
       0
       1
       1
       0
       0
       2
       0
       0
       0
       0
       0
       0
       1
       0
       0
       1
       0
       0
       0
       0
       2
       0
       3
       0
       0
       0
       4
       0
       0
       0
       0
       0
       2
       1
       1
       0
       2
       1
       1
       0
       1
       0
       1
       1
       1
       0
       1
       0
       1
       0
       2
       1
       0
       0
       0
       1
       1
       1
       0
       0
       1
       0
       0
       1
       0
       0
       0
       0
       0
       0
       1
       0
       1
       0
       0
       0
       1
       1
       0
       2
       0
       0
       0
       0
       1
       0
       0
       1
       0
       0
       0
       0
       0
       1
       1
       0
       0
       0
       0
       1
       0
       0
       1
       0
       0
       0
       1
       0
       0
       1
       1
       0
       0
       0
       0
       0
       0
       0
       0
       0
       0
       0
       0
       0
       0
       0
       1
       0
       0
       0
       0
       0
       0
       2
       0
       0
       1
       0
       0
       0
       0
       1
       0
       0
       0
       0
       0
       0
       0
       0
       0
       1
       0
       0
       0
       0
       0
       0
       0
       0
       0
       1
       0
       0
       2
       0
       0
       2
       0
       0
       0
       0
       0
       0
       0
       0
       0
       0
       0
       0
       0
       0
       0
       0
       0
$ROI:
3
24 57
296 426
560 760
$PRESETS:
None
0
0
$ENER_FIT:
-8.735224 1.899029
$MCA_CAL:
3
-8.735224E+000 1.899029E+000 0.000000E+000 keV
$SHAPE_CAL:
3
6.150479E+000 1.062013E-001 0.000000E+000
