$SPEC_ID:
No sample description was entered.
$SPEC_REM:
DET# 1
DETDESC# SPACESCIENCE4 digiBASE-RH SN 15121435
AP# Maestro Version 7.01
$DATE_MEA:
10/14/2024 16:18:59
$MEAS_TIM:
300 300
$DATA:
0 1023
       0
       0
       0
       0
       0
     133
     450
     306
     161
     103
      85
      63
      70
      81
      90
     112
     110
     112
     113
     101
      81
      87
      89
      64
      60
      51
      62
      67
      74
      77
      90
      94
     101
     115
     130
     107
     132
     156
     121
     134
     142
     144
     169
     163
     180
     159
     182
     158
     189
     168
     181
     195
     171
     202
     184
     200
     198
     201
     180
     159
     171
     173
     190
     204
     191
     151
     171
     161
     165
     163
     152
     164
     181
     138
     164
     143
     146
     136
     135
     135
     160
     124
     149
     115
     143
     126
     128
     131
     128
     129
     116
     117
     105
     123
      98
      86
     107
     117
      77
     102
      87
     112
     106
     108
      84
      95
      75
      85
      93
      81
      88
      79
      84
      97
      80
      84
      72
      80
      74
      64
      70
      69
      57
      57
      71
      53
      59
      63
      74
      71
      52
      63
      77
      66
      62
      58
      45
      41
      46
      69
      61
      58
      51
      46
      46
      56
      43
      51
      35
      41
      45
      41
      43
      36
      32
      42
      42
      50
      39
      37
      33
      47
      48
      35
      45
      34
      34
      43
      42
      46
      28
      30
      29
      31
      30
      30
      32
      36
      29
      31
      31
      29
      31
      31
      26
      31
      30
      22
      39
      34
      22
      18
      23
      22
      30
      30
      24
      28
      22
      31
      24
      28
      24
      18
      19
      16
      20
      21
      21
      15
      18
      21
      29
      10
      12
      22
      15
      13
      16
      26
      13
      14
      12
      18
      19
      12
      13
       7
      13
      20
      15
      20
      18
      24
      17
      14
      18
      16
      20
       9
      10
       6
      14
      13
      10
      15
      15
      14
      14
      10
      13
      10
      19
       8
       9
      12
      11
       8
       8
      12
      14
      10
      15
      12
      13
       9
      13
       9
      13
      12
       9
      11
       9
      11
      11
      13
       9
      15
       9
       6
       9
       8
       9
      15
       5
       8
       9
       4
       7
      12
      15
       8
      14
      11
       5
      14
       9
      10
      18
       9
      15
       9
       8
      11
       8
      13
       5
      10
       9
      11
      13
      12
       9
       4
      13
       6
      10
      13
      11
       8
       7
       8
       7
       9
      10
       5
       9
      10
      11
       5
       7
       8
       6
       4
       9
       6
      13
       7
      12
      14
       8
       5
       7
       8
      11
      17
       8
       6
      10
       8
      10
       4
       4
       4
       5
       3
       9
       5
      13
       8
       6
       3
       4
       2
       7
       8
       5
       8
       7
       2
       7
      11
       6
       9
       6
       5
       9
       6
       3
       7
       0
       6
       6
       4
       5
       4
       6
       5
       3
       7
       6
       9
       6
       7
       4
       7
       9
       2
       7
       6
       7
       3
       6
       3
       1
      11
       4
       3
       5
       4
       7
       5
       2
       1
       7
       2
       5
       5
       3
       3
       5
       5
       2
       6
       5
       6
       9
       6
       5
       1
       6
       5
       9
       1
       3
       4
       9
       2
       4
       6
       4
       1
       8
       5
       6
       4
       4
       0
       4
       5
       1
       3
       6
       2
       5
       8
       2
       6
       2
       2
       1
       3
       4
       4
       6
       3
       2
       2
       5
       5
       2
       4
       6
       4
       5
       3
       3
       7
       1
       4
       4
       5
       2
       2
       3
       3
       2
       3
       5
       5
       0
       4
       4
       4
       2
       3
       2
       0
       6
       3
       2
       4
       4
       2
       7
       6
       4
       4
       2
       5
       4
       4
       2
       2
       4
       5
       3
       3
       3
       2
       2
       0
       6
       5
       4
       6
       4
       2
       3
       1
       2
       4
       1
       3
       2
       3
       3
       4
       2
       1
       2
       5
       5
       1
       2
       6
       1
       3
       3
       1
       0
       5
       1
       5
       2
       5
       4
       1
       5
       3
       3
       1
       5
       2
       6
       4
       3
       5
       3
       0
       5
       1
       3
       5
       3
       4
       1
       0
       5
       2
       5
       4
       4
       0
       0
       3
       0
       3
       1
       2
       2
       2
       2
       6
       4
       3
       2
       0
       2
       2
       1
       2
       2
       3
       2
       6
       2
       4
       3
       1
       4
       6
       3
       2
       1
       0
       2
       3
       6
       5
       3
       1
       2
       0
       1
       0
       1
       3
       1
       1
       2
       1
       0
       6
       4
       2
       4
       1
       2
       3
       1
       4
       3
       2
       4
       1
       0
       1
       2
       2
       2
       1
       0
       2
       3
       2
       0
       2
       3
       2
       1
       1
       0
       1
       2
       1
       1
       1
       1
       4
       2
       3
       4
       0
       1
       2
       1
       2
       2
       4
       1
       2
       1
       1
       0
       1
       1
       1
       0
       1
       1
       4
       1
       1
       1
       0
       3
       4
       0
       1
       2
       2
       4
       3
       2
       1
       2
       2
       2
       1
       1
       1
       1
       2
       3
       1
       3
       0
       3
       3
       0
       2
       2
       2
       0
       2
       4
       1
       1
       3
       1
       2
       2
       2
       1
       1
       1
       2
       0
       4
       4
       1
       1
       1
       1
       2
       5
       1
       3
       1
       3
       3
       0
       4
       3
       4
       1
       1
       0
       0
       0
       1
       0
       1
       3
       2
       3
       1
       1
       1
       1
       0
       1
       2
       3
       3
       0
       2
       0
       1
       3
       0
       2
       1
       1
       1
       1
       0
       2
       2
       1
       4
       2
       2
       0
       1
       5
       1
       1
       1
       0
       1
       1
       0
       3
       1
       0
       0
       2
       1
       2
       0
       0
       2
       1
       1
       1
       0
       0
       1
       0
       2
       0
       1
       1
       2
       1
       2
       0
       1
       1
       0
       1
       0
       1
       2
       1
       0
       2
       1
       1
       2
       0
       2
       3
       1
       0
       0
       1
       1
       1
       1
       1
       0
       0
       3
       0
       0
       0
       2
       1
       2
       2
       0
       1
       5
       1
       1
       0
       1
       1
       2
       0
       2
       0
       0
       2
       0
       0
       2
       0
       0
       1
       1
       2
       2
       1
       0
       3
       1
       0
       0
       1
       0
       0
       1
       1
       1
       0
       2
       0
       0
       1
       1
       1
       0
       1
       1
       0
       1
       0
       1
       1
       0
       0
       0
       0
       1
       0
       0
       1
       0
       2
       0
       0
       1
       1
       2
       1
       0
       1
       0
       2
       1
       0
       1
       1
       0
       1
       0
       1
       1
       1
       1
       2
       0
       0
       1
       3
       1
       0
       0
       3
       0
       0
       1
       0
       1
       1
       1
       0
       0
       1
       0
       0
       2
       2
       0
       0
       0
       2
       1
       2
       0
       1
       0
       1
       0
       0
       0
       0
       0
       0
       1
       0
       0
       0
       0
       1
       0
       0
       0
       0
       0
       0
       0
       0
       0
       0
       0
       0
       1
       1
       0
       0
       0
       0
       0
       0
       0
       1
       1
       1
       1
       1
       1
       1
       0
       1
       1
       0
       1
       1
       0
$ROI:
3
24 57
296 426
560 760
$PRESETS:
None
0
0
$ENER_FIT:
-8.735224 1.899029
$MCA_CAL:
3
-8.735224E+000 1.899029E+000 0.000000E+000 keV
$SHAPE_CAL:
3
6.150479E+000 1.062013E-001 0.000000E+000
