$SPEC_ID:
No sample description was entered.
$SPEC_REM:
DET# 1
DETDESC# SPACESCIENCE4 digiBASE-RH SN 15121435
AP# Maestro Version 7.01
$DATE_MEA:
10/14/2024 15:39:31
$MEAS_TIM:
150 150
$DATA:
0 1023
       0
       0
       0
       0
       0
     247
     966
     858
     927
    1167
    1592
    2245
    3201
    3956
    4838
    5537
    5963
    5728
    5582
    4551
    3844
    3257
    2654
    2488
    2625
    3100
    3671
    4608
    5429
    6442
    7317
    8072
    8638
    8967
    8695
    8072
    7470
    6233
    5258
    4246
    3260
    2312
    1661
    1238
     829
     565
     399
     301
     219
     169
     133
     123
     133
     132
     108
     109
     115
     127
     117
     103
     111
     114
     108
      95
      96
     107
      91
      90
      95
      94
      81
      95
      85
     108
      77
      77
      82
      82
      71
      82
      65
      79
      63
      63
      60
      65
      58
      58
      70
      56
      58
      67
      47
      51
      65
      58
      52
      65
      64
      58
      52
      50
      44
      52
      58
      51
      48
      42
      47
      52
      41
      35
      41
      45
      35
      30
      40
      50
      30
      49
      42
      26
      31
      39
      40
      38
      26
      36
      20
      34
      37
      40
      19
      30
      29
      27
      26
      28
      33
      20
      26
      21
      36
      20
      28
      16
      26
      30
      27
      37
      32
      24
      20
      27
      18
      24
      17
      18
      17
      22
      19
      18
      21
      16
      16
      12
      17
      13
      19
      19
      17
      11
      26
      19
      11
      24
      17
      10
      21
      12
      10
      15
      18
      13
      19
      12
      17
      16
      22
      13
      14
       9
      15
      14
      13
      25
      13
      13
      11
      13
      11
      13
      16
       9
      14
      14
      12
      13
       8
       9
      12
       8
      11
       5
       6
       8
      10
      12
       6
       9
       8
      11
       7
       7
      11
       9
       4
       6
       7
      10
      14
       4
       3
       5
       6
      12
       7
       3
      10
       4
       5
       5
       8
       5
       6
       6
       1
       2
       4
       3
       6
       7
       7
       9
       4
       8
       4
       6
       5
       3
       4
       6
       8
       1
      13
       5
       6
       6
       5
       9
       5
       2
       5
       6
       4
       5
       8
       4
       8
       8
       6
       3
       5
       3
       7
       9
       9
       5
       9
       2
       7
       6
       7
       7
       3
       6
       1
       8
       9
       9
       4
       3
       4
       2
       5
       3
       4
       1
       3
       2
      13
       8
       4
       4
       4
       2
       4
       4
       7
       3
       5
       6
       6
       8
       2
       2
       6
       4
       4
       7
       4
       4
       7
      11
      10
       5
       2
       9
       3
       6
       5
       4
       4
       1
       8
       3
       3
       2
       3
       3
       6
       7
       2
       4
       3
       5
       6
       1
       2
       6
       3
       6
       3
       5
       3
       2
       4
       5
       1
       9
       6
       6
       6
       9
       3
       3
       4
       3
       5
       1
       4
       2
       2
       0
       1
       3
       5
       3
       4
       4
       3
       0
       2
       2
       0
       3
       6
       3
       1
       5
       2
       5
       1
       3
       1
       2
       2
       4
       1
       3
       3
       2
       2
       3
       0
       3
       2
       5
       3
       3
       3
       2
       0
       1
       3
       4
       3
       3
       3
       5
       2
       3
       4
       1
       1
       3
       2
       3
       1
       2
       1
       0
       2
       1
       1
       2
       2
       2
       3
       1
       2
       1
       0
       2
       6
       4
       0
       2
       4
       2
       5
       4
       2
       3
       1
       1
       2
       2
       0
       1
       1
       1
       3
       1
       1
       2
       0
       3
       1
       2
       2
       1
       1
       2
       2
       2
       1
       2
       2
       0
       2
       3
       2
       1
       2
       1
       2
       0
       2
       2
       1
       1
       1
       1
       3
       2
       2
       0
       1
       0
       1
       1
       0
       3
       1
       0
       1
       2
       3
       1
       1
       1
       1
       1
       1
       2
       1
       0
       1
       3
       1
       2
       0
       1
       1
       2
       1
       1
       1
       0
       2
       2
       2
       1
       1
       1
       1
       1
       2
       2
       3
       0
       3
       1
       0
       1
       3
       0
       2
       1
       0
       2
       0
       0
       0
       1
       2
       3
       0
       2
       0
       2
       0
       0
       2
       0
       1
       3
       2
       1
       3
       1
       0
       1
       2
       2
       3
       2
       2
       0
       0
       1
       1
       2
       3
       1
       0
       1
       3
       0
       2
       2
       0
       0
       1
       3
       1
       3
       1
       0
       5
       0
       3
       0
       1
       1
       1
       1
       2
       1
       2
       0
       1
       3
       1
       0
       2
       1
       0
       0
       1
       1
       2
       0
       4
       0
       0
       0
       1
       0
       1
       2
       1
       1
       0
       2
       1
       1
       1
       1
       0
       0
       0
       1
       2
       1
       2
       1
       1
       0
       0
       2
       2
       0
       2
       2
       0
       1
       0
       2
       1
       2
       0
       1
       0
       2
       2
       1
       1
       2
       0
       1
       1
       4
       2
       0
       0
       0
       3
       2
       2
       1
       0
       3
       0
       4
       2
       1
       1
       1
       1
       0
       0
       0
       0
       1
       1
       1
       1
       1
       2
       0
       1
       1
       0
       2
       1
       1
       0
       2
       0
       0
       1
       1
       0
       0
       0
       3
       2
       1
       0
       2
       1
       2
       1
       1
       0
       2
       0
       0
       1
       0
       1
       1
       1
       0
       3
       1
       0
       0
       1
       1
       1
       0
       1
       1
       0
       1
       1
       2
       1
       1
       0
       1
       2
       2
       1
       1
       0
       0
       2
       3
       0
       0
       0
       0
       0
       1
       0
       1
       1
       1
       2
       1
       0
       1
       0
       2
       1
       0
       1
       0
       0
       0
       3
       0
       2
       2
       0
       1
       0
       0
       0
       1
       0
       0
       0
       0
       0
       0
       1
       0
       0
       1
       1
       0
       0
       1
       0
       0
       0
       1
       1
       0
       0
       0
       0
       1
       0
       0
       1
       0
       0
       0
       0
       0
       1
       0
       2
       2
       0
       0
       0
       0
       1
       0
       0
       0
       0
       0
       0
       0
       0
       1
       1
       1
       2
       0
       0
       0
       2
       0
       1
       0
       0
       0
       0
       0
       0
       0
       1
       0
       0
       0
       1
       0
       1
       0
       0
       0
       0
       0
       0
       1
       1
       1
       0
       1
       0
       0
       0
       0
       1
       0
       1
       0
       0
       0
       1
       0
       0
       0
       1
       0
       0
       0
       1
       1
       0
       0
       0
       0
       0
       1
       0
       0
       0
       0
       0
       0
       0
       0
       2
       0
       0
       2
       0
       1
       0
       1
       1
       0
       1
       1
       2
       1
       0
       1
       1
       0
       0
       1
       1
       0
       0
       0
       0
       0
       1
       1
       0
       0
       0
       0
       0
       0
       0
       0
       0
       0
       1
       0
       1
       0
       0
       0
       0
       1
       0
       0
       0
       1
       0
       0
       0
       0
       0
       0
       0
       1
       0
       0
       0
       0
       0
       0
       0
       0
       0
       0
       2
       0
       0
       0
       0
       1
       0
       0
       0
       0
       0
       0
       0
       0
       0
       0
       0
       0
       0
       0
       0
       0
       0
       0
       0
       0
       1
       0
       0
       0
       0
       1
       0
       0
$ROI:
3
24 57
296 426
560 760
$PRESETS:
None
0
0
$ENER_FIT:
-8.735224 1.899029
$MCA_CAL:
3
-8.735224E+000 1.899029E+000 0.000000E+000 keV
$SHAPE_CAL:
3
6.150479E+000 1.062013E-001 0.000000E+000
