$SPEC_ID:
No sample description was entered.
$SPEC_REM:
DET# 1
DETDESC# SPACESCIENCE4 digiBASE-RH SN 15121435
AP# Maestro Version 7.01
$DATE_MEA:
10/14/2024 15:25:05
$MEAS_TIM:
149 150
$DATA:
0 1023
       0
       0
       0
       0
       0
     160
     795
     664
     613
     818
    1043
    1341
    1766
    2267
    2884
    3325
    3787
    4045
    3902
    3611
    3053
    2551
    1957
    1594
    1388
    1483
    1557
    2041
    2471
    3185
    4022
    4802
    5637
    6331
    6749
    7109
    6824
    6493
    5884
    5222
    4339
    3378
    2629
    1881
    1427
     967
     636
     422
     347
     207
     166
     136
     109
     108
     119
     106
     104
     116
     100
      73
     112
     104
     105
     107
      93
      98
     108
     106
     104
      69
      83
      66
      69
      77
      97
      82
      74
      68
      65
      70
      84
      70
      73
      56
      54
      68
      56
      62
      59
      65
      64
      56
      69
      69
      61
      47
      48
      62
      40
      63
      50
      52
      36
      39
      37
      56
      47
      45
      43
      35
      48
      36
      42
      47
      48
      26
      32
      39
      31
      41
      32
      36
      43
      34
      28
      32
      37
      32
      34
      36
      28
      26
      36
      32
      21
      32
      20
      31
      34
      32
      29
      29
      29
      23
      24
      20
      29
      32
      23
      21
      29
      20
      13
      25
      28
      25
      17
      22
      25
      19
      24
      16
      27
      28
      22
      22
      21
      23
      15
      12
      19
      16
      10
      18
      15
      12
      28
      17
      12
       8
      17
      17
      11
      13
      12
      18
       8
      16
      19
      11
      10
      12
      17
      16
      10
      14
      11
      12
       6
      11
      13
       6
      11
       6
      11
       8
       5
      14
       9
       9
      12
      16
      11
       8
       9
       6
       8
       6
      15
       6
       9
      11
      11
       6
       8
       8
       6
      12
       8
       6
       8
       6
       7
       2
       6
       4
       6
       6
       5
       7
       4
       5
       5
      14
       6
       6
       6
       6
       6
       3
      12
       4
       5
       2
       3
       8
       8
       6
       6
       3
       9
       5
       7
       9
       7
       4
       3
       5
       8
       5
       7
       2
       3
       4
      10
       1
       9
       3
       8
       7
       7
       5
       9
       7
       3
       7
       6
       3
       4
       5
       4
       5
       4
       8
       4
       4
       8
       5
       7
       8
       5
       7
       4
       5
       4
       6
       7
       4
       3
       3
       4
       4
       8
       3
       3
       3
       9
       5
       7
       9
       1
       5
       3
       7
       5
       4
       2
       5
       5
       8
       8
       7
       6
       2
       4
       7
       3
      10
       4
       5
       4
       7
       6
       3
       3
       7
       6
       1
       5
       3
       5
       2
       1
       3
       5
       5
       0
       2
       2
       4
       5
       5
       4
       3
       6
       5
       5
       3
       2
       1
       3
       4
       3
       3
       5
       6
       6
       3
       4
       0
       3
       3
       1
       1
       2
       0
       3
       4
       3
       3
       3
       1
       3
       1
       1
       1
       4
       2
       3
       2
       3
       1
       3
       3
       3
       2
       1
       3
       4
       1
       4
       4
       2
       0
       2
       2
       2
       1
       0
       3
       0
       2
       3
       4
       2
       3
       2
       0
       3
       1
       2
       3
       0
       1
       2
       4
       2
       1
       0
       6
       4
       2
       3
       3
       2
       1
       2
       6
       1
       1
       2
       2
       0
       6
       2
       1
       2
       2
       1
       2
       1
       2
       2
       5
       1
       3
       3
       2
       1
       0
       2
       0
       0
       2
       1
       2
       0
       4
       2
       0
       1
       1
       1
       1
       0
       1
       1
       1
       1
       3
       2
       2
       1
       0
       0
       1
       1
       1
       0
       1
       1
       5
       2
       3
       2
       2
       0
       0
       2
       1
       4
       3
       2
       0
       1
       0
       1
       0
       3
       0
       3
       1
       0
       3
       2
       3
       1
       0
       1
       3
       1
       1
       3
       2
       1
       1
       3
       2
       1
       3
       1
       1
       0
       0
       3
       1
       1
       1
       4
       2
       1
       1
       1
       2
       3
       2
       2
       0
       1
       0
       1
       2
       3
       2
       4
       1
       2
       1
       5
       0
       1
       0
       2
       2
       0
       2
       1
       1
       1
       2
       2
       1
       3
       2
       3
       2
       2
       1
       1
       4
       1
       1
       2
       1
       1
       1
       2
       2
       1
       1
       1
       1
       0
       2
       0
       1
       2
       1
       0
       1
       0
       1
       2
       1
       1
       2
       1
       1
       4
       1
       0
       2
       1
       1
       0
       0
       2
       0
       0
       0
       0
       2
       0
       2
       0
       3
       0
       0
       0
       2
       1
       1
       1
       2
       1
       1
       2
       0
       0
       3
       1
       1
       1
       0
       0
       1
       0
       1
       0
       1
       0
       0
       0
       1
       1
       0
       1
       0
       3
       0
       2
       1
       3
       3
       0
       0
       0
       1
       1
       0
       0
       3
       1
       2
       1
       0
       0
       0
       2
       1
       0
       1
       1
       0
       1
       1
       1
       1
       0
       0
       0
       2
       0
       0
       0
       0
       2
       1
       0
       2
       3
       0
       1
       0
       0
       0
       1
       1
       0
       3
       3
       1
       1
       2
       2
       0
       2
       0
       2
       1
       2
       1
       1
       2
       1
       3
       2
       1
       4
       0
       0
       3
       1
       1
       1
       0
       1
       1
       1
       0
       2
       2
       0
       0
       0
       2
       0
       1
       4
       1
       2
       1
       0
       2
       1
       0
       1
       1
       2
       1
       0
       0
       1
       0
       1
       0
       1
       1
       0
       3
       2
       2
       0
       1
       1
       2
       2
       1
       0
       1
       0
       0
       0
       0
       2
       0
       0
       0
       0
       0
       2
       0
       1
       4
       1
       1
       0
       0
       1
       1
       1
       0
       1
       1
       1
       0
       0
       0
       2
       1
       1
       1
       0
       1
       0
       0
       0
       0
       1
       0
       0
       1
       0
       2
       2
       0
       0
       0
       1
       1
       1
       1
       3
       0
       1
       0
       0
       0
       0
       0
       0
       0
       0
       1
       0
       0
       1
       0
       0
       0
       1
       1
       0
       1
       1
       2
       0
       0
       0
       2
       0
       0
       2
       0
       0
       0
       0
       1
       0
       1
       2
       2
       0
       0
       1
       0
       1
       0
       0
       0
       0
       1
       0
       0
       0
       0
       1
       0
       2
       0
       0
       2
       1
       1
       1
       0
       0
       0
       1
       0
       2
       0
       0
       1
       1
       0
       0
       0
       0
       0
       1
       0
       1
       0
       0
       0
       0
       1
       0
       0
       0
       1
       1
       0
       0
       0
       0
       0
       0
       0
       0
       1
       0
       1
       0
       0
       1
       0
       1
       0
       0
       0
       1
       0
       0
       0
       0
       0
       0
       1
       1
       0
       1
       0
       0
       0
       0
       0
       1
       0
       0
       0
       0
       0
       1
       0
       0
       0
       0
       0
       0
       0
       1
       0
       0
       0
       0
       0
       0
       1
       0
       0
       0
       0
       1
       0
       0
       0
       0
       0
       0
       0
       0
       0
       0
       0
       0
       0
       0
       0
       1
       0
       0
       0
       0
       0
       0
       0
       1
       0
       2
       0
       0
       0
$ROI:
3
24 57
296 426
560 760
$PRESETS:
None
0
0
$ENER_FIT:
-8.735224 1.899029
$MCA_CAL:
3
-8.735224E+000 1.899029E+000 0.000000E+000 keV
$SHAPE_CAL:
3
6.150479E+000 1.062013E-001 0.000000E+000
