$SPEC_ID:
No sample description was entered.
$SPEC_REM:
DET# 1
DETDESC# SPACESCIENCE4 digiBASE-RH SN 15121435
AP# Maestro Version 7.01
$DATE_MEA:
10/14/2024 15:27:52
$MEAS_TIM:
150 150
$DATA:
0 1023
       0
       0
       0
       0
       0
     173
     753
     602
     558
     701
     999
    1368
    1845
    2397
    3063
    3633
    4107
    4326
    4261
    3790
    3152
    2641
    2133
    1771
    1509
    1539
    1665
    1973
    2511
    3128
    3943
    4649
    5347
    5964
    6379
    6524
    6405
    6111
    5615
    4814
    3820
    3077
    2351
    1744
    1309
     850
     617
     414
     295
     212
     160
     129
     113
     111
     138
     101
     104
     100
     113
     109
      92
     100
      99
      91
      83
      94
     101
      92
      91
      97
      75
      80
      79
      71
      87
      67
      82
      65
      81
      72
      60
      70
      66
      81
      47
      60
      55
      78
      56
      60
      59
      55
      62
      63
      53
      42
      51
      45
      51
      49
      58
      46
      39
      51
      49
      49
      52
      39
      49
      53
      47
      44
      42
      42
      39
      48
      37
      35
      45
      38
      50
      31
      43
      34
      39
      37
      37
      22
      33
      33
      35
      31
      34
      29
      24
      31
      37
      23
      25
      26
      28
      23
      22
      24
      28
      24
      25
      17
      13
      23
      21
      33
      24
      27
      28
      17
      21
      31
      21
      17
      16
      16
      28
       9
      25
      14
      16
      15
      22
      25
      19
       9
      10
      10
      21
      11
      14
      16
      18
      16
      13
      13
      21
      10
      14
      11
      11
      15
      10
       8
      10
       8
      15
      12
      17
       9
      14
      13
      17
       8
      21
       4
       8
      10
       6
      10
      16
       9
      10
       6
       7
      12
      14
      13
      10
      14
       7
       3
      12
       5
      10
       6
       6
      10
       4
      10
       6
       8
       6
       8
      10
      12
       3
       7
       7
       5
      13
      11
       5
       5
       5
       5
      10
      13
       8
      10
       4
       7
      12
       3
       3
       4
      13
       4
       7
       5
       2
       4
       8
       5
       9
       9
       5
       9
       6
       9
       7
       6
       7
       7
       2
       4
       5
       6
       3
       9
       3
       7
       7
       4
       7
       8
       8
       3
       3
       6
       5
       3
       9
       7
       8
       3
       9
       5
       8
       2
       4
       5
       8
       5
       3
       6
       1
       7
      10
       5
       9
       3
       1
       8
       8
       3
       3
       3
       4
       8
       7
       2
       2
       0
      12
       3
       5
       7
       7
       6
       3
      10
       3
       2
       5
       1
       2
       5
       8
       3
       6
       4
       4
       2
       1
       3
       7
       4
       0
       2
       3
       7
       9
       1
       4
       3
       1
       4
       6
       1
       2
       2
       2
       2
       1
       3
       3
       4
       0
       1
       4
       3
       2
       1
       2
       2
       0
       4
       2
       4
       3
       2
       1
       5
       3
       3
       5
       4
       3
       4
       2
       3
       0
       2
       3
       1
       4
       3
       0
       1
       2
       4
       4
       2
       3
       2
       1
       2
       4
       1
       3
       4
       0
       4
       1
       2
       1
       2
       2
       4
       2
       5
       5
       2
       3
       2
       1
       3
       2
       1
       2
       4
       1
       3
       1
       1
       0
       1
       3
       2
       2
       2
       2
       1
       6
       2
       0
       5
       1
       2
       4
       2
       2
       1
       1
       2
       2
       3
       1
       2
       4
       0
       2
       1
       0
       0
       0
       1
       0
       3
       3
       3
       3
       3
       1
       3
       1
       2
       2
       4
       5
       1
       2
       1
       2
       3
       2
       0
       2
       2
       0
       3
       2
       1
       1
       4
       1
       1
       0
       1
       2
       0
       1
       5
       1
       3
       3
       1
       0
       1
       0
       2
       5
       1
       0
       2
       3
       2
       5
       3
       1
       1
       1
       1
       0
       1
       1
       3
       0
       3
       1
       2
       1
       3
       1
       3
       2
       3
       3
       1
       3
       2
       1
       2
       0
       2
       1
       2
       4
       0
       0
       0
       3
       1
       2
       3
       0
       0
       1
       1
       5
       0
       1
       0
       3
       0
       0
       5
       2
       1
       1
       3
       1
       2
       0
       3
       0
       1
       0
       1
       2
       0
       1
       1
       0
       6
       3
       1
       2
       3
       3
       2
       0
       3
       0
       1
       1
       1
       4
       4
       2
       2
       2
       0
       1
       2
       1
       2
       0
       1
       0
       2
       1
       0
       2
       2
       1
       0
       2
       0
       0
       0
       3
       0
       3
       1
       1
       1
       1
       2
       2
       0
       1
       0
       0
       1
       0
       0
       1
       1
       1
       0
       0
       2
       1
       1
       3
       3
       2
       1
       2
       1
       3
       0
       0
       1
       0
       2
       0
       0
       2
       0
       0
       1
       1
       2
       1
       2
       3
       1
       0
       1
       1
       0
       0
       0
       1
       0
       1
       2
       0
       1
       1
       1
       0
       0
       0
       0
       1
       2
       3
       0
       0
       0
       2
       0
       1
       2
       0
       3
       0
       1
       0
       1
       0
       0
       1
       0
       1
       0
       0
       2
       2
       1
       1
       3
       0
       0
       0
       0
       5
       1
       2
       0
       1
       1
       0
       1
       0
       2
       1
       2
       3
       2
       0
       0
       0
       0
       0
       3
       0
       1
       3
       0
       3
       2
       1
       0
       1
       0
       0
       3
       0
       0
       3
       1
       0
       0
       1
       0
       1
       0
       0
       3
       1
       2
       1
       1
       2
       2
       1
       0
       2
       1
       1
       3
       2
       1
       0
       0
       1
       0
       1
       0
       2
       0
       0
       1
       0
       0
       1
       1
       0
       0
       1
       2
       2
       0
       0
       0
       1
       0
       0
       0
       0
       2
       0
       0
       0
       1
       0
       0
       1
       2
       2
       0
       0
       2
       0
       0
       0
       0
       0
       0
       0
       0
       0
       0
       1
       0
       0
       1
       0
       0
       2
       0
       1
       1
       0
       0
       1
       2
       0
       0
       0
       1
       0
       0
       0
       0
       0
       0
       1
       1
       0
       0
       1
       0
       2
       0
       0
       0
       0
       0
       0
       0
       0
       1
       0
       1
       0
       0
       0
       1
       0
       0
       0
       0
       0
       1
       0
       2
       0
       0
       0
       0
       0
       1
       0
       1
       0
       0
       0
       0
       0
       0
       2
       0
       0
       0
       0
       0
       0
       1
       0
       0
       0
       0
       0
       0
       0
       1
       0
       0
       0
       0
       0
       0
       1
       0
       0
       0
       0
       0
       0
       0
       1
       0
       0
       0
       1
       0
       0
       0
       0
       0
       0
       0
       0
       1
       0
       0
       0
       0
       0
       1
       0
       1
       0
       0
       0
       0
       1
       0
       1
       0
       0
       0
       0
       0
       0
       1
       2
       0
       0
       1
       0
       0
       2
       1
       0
       0
       0
       0
       0
       1
       0
       0
       0
       0
       0
       0
       0
       0
       0
       0
       0
       0
       1
       1
       1
       1
       0
       1
       0
       0
       0
       0
       0
       1
       0
       0
       0
       0
       0
       2
       1
       1
       0
       0
       0
       0
       1
       0
       1
       0
       0
       0
       0
       0
       0
       0
       0
       0
       0
       0
       1
       0
$ROI:
3
24 57
296 426
560 760
$PRESETS:
None
0
0
$ENER_FIT:
-8.735224 1.899029
$MCA_CAL:
3
-8.735224E+000 1.899029E+000 0.000000E+000 keV
$SHAPE_CAL:
3
6.150479E+000 1.062013E-001 0.000000E+000
