$SPEC_ID:
No sample description was entered.
$SPEC_REM:
DET# 1
DETDESC# SPACESCIENCE4 digiBASE-RH SN 15121435
AP# Maestro Version 7.01
$DATE_MEA:
10/14/2024 14:40:36
$MEAS_TIM:
149 150
$DATA:
0 1023
       0
       0
       0
       0
       0
     457
    1615
    1021
     587
     403
     294
     309
     354
     383
     479
     620
     815
     918
    1024
    1013
     977
     950
     801
     679
     526
     409
     367
     363
     290
     289
     261
     282
     279
     291
     296
     290
     332
     324
     312
     347
     306
     325
     383
     357
     407
     374
     368
     379
     403
     385
     442
     420
     431
     367
     430
     419
     434
     441
     393
     430
     417
     438
     472
     470
     448
     486
     429
     487
     440
     485
     482
     478
     423
     460
     458
     468
     447
     497
     503
     459
     419
     455
     474
     421
     465
     451
     451
     502
     471
     504
     481
     484
     493
     501
     505
     458
     532
     501
     501
     490
     439
     490
     490
     535
     526
     535
     525
     469
     546
     523
     502
     546
     532
     474
     522
     512
     495
     497
     459
     479
     495
     490
     481
     462
     481
     463
     450
     424
     435
     436
     413
     469
     479
     465
     418
     444
     412
     406
     391
     393
     379
     379
     361
     388
     393
     387
     413
     395
     350
     416
     326
     360
     400
     383
     365
     365
     345
     320
     318
     373
     311
     358
     327
     307
     334
     322
     331
     322
     298
     294
     320
     301
     293
     302
     268
     280
     284
     279
     323
     290
     278
     288
     273
     272
     281
     245
     269
     270
     281
     268
     258
     278
     259
     289
     270
     307
     257
     276
     309
     268
     261
     296
     251
     263
     289
     257
     265
     268
     261
     264
     257
     252
     254
     261
     233
     226
     259
     262
     245
     244
     240
     227
     237
     249
     263
     266
     256
     263
     251
     246
     248
     217
     244
     245
     224
     230
     233
     224
     201
     212
     213
     224
     191
     214
     191
     198
     167
     157
     158
     154
     164
     162
     171
     146
     175
     147
     136
     143
     139
     131
     130
     100
     124
      95
     100
     112
      75
     108
      74
      88
      91
      96
      87
      74
      74
      81
      75
      90
      68
      56
      69
      71
      66
      48
      52
      68
      66
      64
      52
      43
      45
      43
      43
      58
      60
      41
      62
      56
      54
      51
      54
      65
      47
      49
      69
      72
      83
      59
      62
      59
      75
      86
      88
      81
      95
     112
     117
     105
     150
     145
     153
     165
     169
     174
     227
     216
     226
     253
     260
     286
     316
     318
     325
     365
     315
     394
     407
     412
     473
     463
     479
     536
     563
     542
     577
     566
     604
     584
     608
     604
     621
     601
     616
     643
     627
     608
     577
     604
     568
     551
     580
     579
     550
     509
     514
     518
     492
     491
     483
     445
     421
     428
     401
     406
     356
     365
     355
     321
     311
     292
     258
     275
     225
     245
     235
     197
     185
     189
     179
     191
     151
     152
     151
     132
     140
     127
     111
     122
     134
     109
      87
     106
     101
      98
     114
      74
      82
      66
      83
      57
      82
      74
      63
      66
      57
      58
      52
      38
      55
      43
      45
      48
      42
      44
      33
      37
      39
      33
      37
      22
      37
      22
      27
      31
      24
      27
      22
      24
      26
      25
      19
      21
      21
       8
      16
      24
      15
      16
      14
      15
       8
       4
      15
      13
      12
      14
      14
      12
       6
      15
       8
       8
       9
       8
       8
       7
       7
       5
      11
      10
       5
       6
       5
       4
       3
       9
       5
       1
       4
       2
       3
       5
       5
       3
       2
       4
       3
       0
       3
       0
       5
       3
       1
       3
       0
       3
       4
       4
       4
       2
       3
       2
       1
       0
       2
       3
       3
       0
       0
       4
       3
       1
       1
       1
       0
       2
       3
       2
       1
       3
       2
       1
       0
       2
       0
       1
       1
       2
       0
       2
       3
       1
       1
       2
       0
       1
       0
       1
       1
       2
       3
       5
       2
       0
       2
       0
       0
       0
       1
       3
       1
       1
       2
       0
       0
       2
       3
       0
       0
       0
       0
       0
       0
       3
       4
       2
       1
       2
       1
       1
       2
       2
       2
       0
       1
       2
       1
       0
       0
       0
       2
       0
       1
       1
       2
       3
       1
       1
       0
       0
       2
       1
       2
       3
       1
       0
       0
       2
       1
       0
       5
       0
       2
       2
       3
       3
       2
       0
       1
       1
       0
       0
       1
       4
       0
       0
       0
       0
       1
       0
       1
       1
       1
       2
       3
       0
       0
       0
       0
       0
       0
       5
       0
       1
       0
       1
       1
       0
       3
       0
       1
       1
       1
       1
       0
       1
       1
       1
       2
       0
       1
       1
       0
       2
       1
       1
       1
       0
       0
       0
       0
       1
       3
       3
       0
       1
       2
       2
       0
       0
       1
       2
       1
       2
       0
       0
       0
       0
       2
       2
       2
       3
       0
       1
       0
       0
       2
       0
       0
       1
       1
       0
       1
       0
       1
       1
       3
       0
       1
       0
       1
       0
       0
       1
       2
       1
       1
       0
       1
       1
       2
       0
       0
       0
       0
       0
       0
       3
       1
       2
       2
       2
       2
       0
       0
       0
       1
       0
       1
       0
       3
       0
       0
       1
       0
       0
       1
       1
       1
       0
       3
       2
       0
       0
       0
       1
       2
       0
       1
       0
       1
       0
       2
       1
       1
       0
       0
       0
       2
       1
       3
       0
       1
       1
       1
       5
       3
       0
       0
       3
       0
       0
       0
       1
       3
       1
       0
       0
       0
       0
       1
       0
       5
       0
       0
       1
       1
       1
       2
       1
       1
       0
       0
       1
       1
       0
       0
       0
       0
       1
       1
       1
       0
       0
       1
       0
       1
       1
       0
       0
       1
       0
       3
       0
       0
       0
       2
       1
       0
       0
       1
       3
       0
       0
       1
       1
       0
       1
       1
       4
       1
       1
       1
       1
       1
       0
       0
       0
       0
       0
       0
       0
       0
       1
       2
       1
       0
       1
       0
       0
       0
       0
       0
       3
       0
       0
       2
       0
       0
       0
       2
       0
       0
       0
       0
       1
       0
       0
       0
       0
       0
       0
       1
       2
       0
       0
       1
       0
       0
       0
       0
       0
       1
       0
       0
       1
       0
       0
       0
       0
       0
       0
       0
       0
       0
       1
       0
       1
       1
       0
       0
       0
       0
       0
       0
       1
       1
       0
       1
       1
       1
       0
       0
       0
       0
       1
       2
       0
       0
       0
       1
       0
       0
       0
       0
       0
       0
       0
       0
       0
       0
       0
       0
       0
       0
       0
       1
       0
       1
       1
       0
       0
       0
       0
       0
       1
       0
       1
       1
       0
       1
       2
       0
       2
       0
       0
       1
       1
       0
       0
       2
       0
       0
       0
       0
       0
       0
       0
       0
       0
       1
       0
       0
       0
       0
       0
       1
       0
       0
       0
       0
       0
       0
       0
       0
       0
       0
       0
       0
       0
       1
       0
       0
       0
       0
       0
       0
       0
       0
       0
       0
       0
       0
       0
       1
       0
       0
       0
       1
       0
       1
       0
       0
       0
       0
       0
       1
       0
       0
       0
       0
       0
       0
       1
$ROI:
3
24 57
296 426
560 760
$PRESETS:
None
0
0
$ENER_FIT:
-8.735224 1.899029
$MCA_CAL:
3
-8.735224E+000 1.899029E+000 0.000000E+000 keV
$SHAPE_CAL:
3
6.150479E+000 1.062013E-001 0.000000E+000
