$SPEC_ID:
No sample description was entered.
$SPEC_REM:
DET# 1
DETDESC# SPACESCIENCE4 digiBASE-RH SN 15121435
AP# Maestro Version 7.01
$DATE_MEA:
10/14/2024 15:10:21
$MEAS_TIM:
299 300
$DATA:
0 1023
       0
       0
       0
       0
       0
     284
    1092
     722
     503
     351
     325
     438
     637
    1039
    1440
    2018
    2563
    2867
    2914
    2879
    2535
    2062
    1641
    1194
     924
     635
     500
     458
     397
     412
     404
     458
     451
     488
     557
     562
     680
     640
     732
     773
     862
     874
    1020
    1042
    1116
    1165
    1143
    1165
    1195
    1017
     987
     934
     865
     750
     711
     677
     615
     526
     471
     447
     440
     431
     410
     408
     410
     432
     388
     384
     409
     386
     383
     419
     459
     406
     419
     398
     419
     421
     404
     423
     415
     371
     425
     397
     384
     427
     446
     430
     414
     408
     391
     378
     378
     394
     402
     424
     384
     400
     374
     394
     377
     369
     359
     351
     338
     313
     333
     305
     305
     301
     286
     281
     290
     262
     294
     266
     243
     275
     281
     284
     253
     255
     270
     258
     240
     230
     224
     242
     198
     205
     180
     211
     191
     192
     199
     223
     189
     195
     201
     203
     192
     219
     237
     217
     240
     215
     226
     259
     217
     280
     265
     268
     280
     271
     302
     253
     282
     271
     263
     321
     293
     298
     306
     299
     289
     312
     310
     291
     319
     294
     321
     320
     281
     318
     295
     306
     303
     316
     344
     332
     363
     355
     400
     384
     393
     406
     427
     404
     485
     427
     442
     404
     438
     422
     443
     410
     433
     419
     407
     381
     391
     352
     385
     317
     309
     320
     273
     297
     237
     224
     247
     227
     221
     209
     171
     175
     166
     145
     124
     113
     113
      94
      97
      89
      93
      80
      83
      60
      81
      52
      63
      53
      54
      39
      39
      52
      37
      40
      29
      43
      45
      28
      36
      23
      23
      30
      28
      24
      28
      23
      10
      21
      28
      26
      15
      19
      27
      16
      23
      20
      25
      15
      14
      16
      19
      14
      27
      15
      22
      12
      11
      18
      13
       9
      11
      12
      13
       5
      14
      14
      10
      13
       8
       8
      10
      14
      12
      14
      13
      10
      11
      15
       9
       6
       9
       9
      10
      16
       9
      10
      11
       7
       8
      16
      15
      15
      14
      11
      10
       7
      10
      11
      15
      17
      14
      18
      10
      13
      15
      13
       7
      13
       9
      19
      10
      13
      14
      13
      10
       9
       7
      16
      11
      12
      13
      11
      15
       7
      18
      17
      10
      14
      14
      12
      15
      11
      13
      12
       9
      19
      13
      13
       9
      13
      16
       7
      12
       7
      12
      11
      13
      15
       9
      16
      10
      10
      10
      10
       8
       7
      14
       5
      11
      10
       9
      11
      13
       6
      11
       3
      11
       2
       5
       9
       7
       6
       7
       6
       7
       1
       9
       7
       6
       8
       6
      11
       6
       4
       4
       5
      12
       5
       6
       5
       6
       9
       4
       7
       8
       9
       9
       3
       7
       4
       3
       7
       4
       2
       0
       3
       3
       4
       2
       6
       5
       4
       3
       4
       5
       3
       4
       5
       4
       7
       2
       7
       6
       6
       9
       4
       4
       5
       4
       5
       3
       2
       6
       3
       2
       2
       4
       5
       4
       9
       3
       3
       2
       4
       5
       4
       4
       1
       8
       2
       7
       4
       4
       1
       4
       6
       3
       4
       3
       2
       4
       6
       2
       5
       2
       1
       2
       3
       5
       3
       2
       6
       1
       4
       1
       2
       5
       4
       3
       6
       4
       3
       3
       4
       4
       2
       2
       1
       4
       5
       5
       2
       5
       3
       5
       2
       2
       3
       2
       6
       4
       2
       0
       2
       2
       0
       4
       3
       3
       1
       6
       2
       6
       3
       3
       2
       3
       5
       7
       3
       1
       6
       1
       1
       2
       6
       5
       5
       3
       4
       2
       2
       3
       3
       1
       3
       2
       3
       1
       0
       3
       4
       4
       7
       2
       3
       3
       5
       2
       2
       5
       3
       2
       3
       3
       7
       6
       2
       2
       2
       4
       2
       1
       6
       2
       4
       3
       1
       0
       5
       4
       2
       5
       1
       2
       2
       5
       1
       7
       2
       6
       3
       4
       3
       3
       4
       0
       5
       2
       3
       5
       2
       0
       4
       3
       2
       6
       1
       2
       2
       2
       0
       4
       6
       2
       1
       2
       1
       3
       3
       2
       2
       2
       1
       1
       3
       3
       4
       3
       5
       0
       2
       1
       1
       0
       2
       2
       1
       0
       0
       1
       0
       1
       2
       4
       1
       0
       1
       0
       1
       2
       3
       1
       1
       2
       2
       4
       2
       2
       2
       4
       2
       2
       1
       5
       4
       6
       2
       2
       1
       4
       1
       2
       1
       0
       2
       2
       5
       3
       1
       3
       1
       2
       0
       3
       3
       2
       1
       1
       2
       5
       3
       1
       1
       2
       3
       1
       5
       1
       4
       0
       1
       1
       2
       3
       2
       1
       1
       1
       0
       1
       2
       5
       0
       4
       5
       2
       2
       4
       3
       0
       2
       4
       2
       3
       2
       3
       2
       4
       5
       1
       4
       5
       3
       0
       3
       4
       2
       5
       3
       2
       1
       4
       0
       1
       4
       2
       4
       2
       1
       2
       2
       3
       1
       2
       3
       4
       2
       4
       1
       2
       4
       3
       6
       5
       2
       2
       1
       0
       1
       1
       1
       4
       4
       3
       2
       1
       2
       2
       2
       3
       0
       3
       0
       2
       0
       1
       2
       0
       1
       1
       1
       1
       1
       1
       0
       1
       1
       1
       0
       2
       0
       1
       0
       1
       1
       0
       2
       2
       1
       1
       1
       1
       1
       2
       2
       1
       2
       1
       3
       0
       4
       1
       0
       1
       0
       2
       2
       0
       3
       0
       1
       1
       2
       0
       1
       1
       2
       1
       2
       0
       1
       1
       0
       1
       0
       2
       1
       2
       0
       1
       1
       0
       0
       4
       1
       0
       2
       0
       2
       0
       2
       1
       1
       0
       2
       2
       1
       1
       1
       0
       0
       2
       0
       1
       0
       2
       2
       1
       0
       0
       0
       0
       0
       0
       0
       0
       0
       0
       0
       1
       1
       1
       2
       0
       0
       1
       0
       0
       3
       0
       2
       1
       0
       1
       1
       1
       0
       1
       1
       1
       2
       0
       0
       0
       0
       0
       0
       0
       1
       1
       2
       0
       1
       2
       1
       1
       2
       1
       0
       1
       0
       0
       0
       0
       0
       0
       0
       1
       0
       1
       0
       1
       2
       0
       0
       0
       0
       0
       0
       0
       1
       0
       0
       2
       2
       0
       0
       2
       0
       1
       0
       1
       0
       0
       0
       0
       0
       0
       1
       0
       0
       0
       1
       0
       0
       0
       0
       0
       0
       1
       4
       0
       1
       1
       1
       0
       1
       0
       0
       0
       0
       0
       0
       0
       0
       1
       1
       0
       2
       0
       1
       0
       0
       0
       0
       0
       0
       0
       0
       0
       0
       1
       0
       0
       0
       0
       0
       0
       0
$ROI:
3
24 57
296 426
560 760
$PRESETS:
None
0
0
$ENER_FIT:
-8.735224 1.899029
$MCA_CAL:
3
-8.735224E+000 1.899029E+000 0.000000E+000 keV
$SHAPE_CAL:
3
6.150479E+000 1.062013E-001 0.000000E+000
