$SPEC_ID:
No sample description was entered.
$SPEC_REM:
DET# 2
DETDESC# SPACESCIENCE8 digiBASE-RH SN 15121449
AP# Maestro Version 7.01
$DATE_MEA:
10/02/2024 15:02:42
$MEAS_TIM:
299 300
$DATA:
0 1023
       0
       0
       0
       0
       0
       0
       0
       0
       0
       0
    1646
    6505
    7224
    7063
    6552
    5795
    4773
    3640
    2759
    2160
    1692
    1367
    1212
    1098
    1118
    1126
    1219
    1420
    1423
    1553
    1654
    1737
    1964
    2024
    2110
    2174
    2193
    2131
    2120
    1930
    1899
    1723
    1598
    1395
    1246
    1108
     986
     912
     700
     662
     584
     584
     506
     492
     473
     443
     428
     435
     423
     434
     453
     407
     429
     433
     421
     445
     444
     442
     445
     443
     468
     434
     429
     446
     458
     442
     459
     460
     474
     468
     464
     425
     462
     417
     439
     419
     435
     430
     387
     395
     432
     402
     410
     422
     388
     392
     388
     394
     352
     355
     359
     352
     349
     326
     377
     344
     318
     328
     333
     313
     300
     286
     301
     294
     330
     343
     283
     338
     320
     297
     294
     335
     351
     302
     333
     354
     351
     394
     403
     403
     426
     356
     452
     453
     462
     495
     475
     477
     551
     531
     517
     537
     579
     530
     523
     510
     532
     517
     544
     566
     581
     550
     551
     613
     571
     626
     659
     641
     674
     663
     679
     729
     810
     783
     795
     783
     888
     962
     937
     958
    1007
    1054
    1030
     992
    1026
     971
    1017
    1012
     968
     912
     970
     963
     893
     868
     796
     691
     716
     719
     617
     610
     549
     479
     453
     384
     418
     396
     317
     268
     254
     252
     234
     196
     195
     147
     148
     126
     128
      94
      87
      81
      69
      62
      60
      61
      41
      41
      44
      51
      52
      28
      32
      30
      40
      41
      26
      29
      33
      22
      31
      28
      23
      29
      25
      23
      26
      22
      26
      26
      32
      17
      24
      16
      20
      21
      22
      13
      10
      20
      20
      12
      21
      23
      27
      15
      18
      16
      17
      19
      18
      19
      23
      31
      21
      15
      18
      13
      19
      20
      22
      14
      21
      25
      14
      21
      23
      12
      20
      29
      25
      23
      26
      17
      24
      17
      25
      22
      17
      28
      25
      25
      18
      18
      15
      29
      18
      21
      14
      37
      29
      21
      24
      23
      24
      23
      32
      30
      29
      29
      28
      22
      30
      24
      25
      16
      33
      22
      20
      25
      27
      23
      22
      20
      26
      22
      23
      23
      29
      27
      21
      20
      14
      21
      18
      27
      15
      15
      16
      20
      21
      25
      18
      17
      13
      17
      16
      15
      12
      12
      16
      12
       6
      10
      14
      12
      14
       5
      14
      12
      11
      12
      14
      12
       4
       7
      12
      13
       6
       4
      12
       8
      15
      10
      11
      12
       6
      12
       7
       7
       9
       5
       9
       4
       8
      11
       8
      13
      10
      11
      14
       6
      13
      11
      14
       6
       4
      12
       8
       7
       6
      10
      11
       5
       8
      11
       7
      12
       6
       8
       9
       8
       8
       9
       9
       9
       5
      10
       4
      11
       9
       5
      10
       9
       7
       4
       4
       4
       9
       5
       4
       6
       5
       4
      13
       7
      12
      15
       4
       6
       6
       5
       8
       9
       8
      13
       3
       8
       5
      11
       8
      11
       5
      11
       4
       8
       9
       8
      12
      12
       6
       5
       7
       6
       2
      10
       6
       8
       5
       9
       8
      11
       6
       2
       5
       6
      10
      10
      10
       6
       4
       7
       8
       5
       5
       2
       7
      11
       3
       5
      13
       4
       5
       3
       9
       8
       8
       4
       8
       4
       2
       7
       1
       4
       4
       6
       4
       3
       7
       3
       6
       0
       2
       7
       2
       7
       6
       0
       7
       8
       4
       6
       5
       5
       1
       5
       8
       2
       6
       3
      13
       5
       6
       5
       7
       3
       7
       5
       6
       5
       5
       3
       8
       7
       3
       5
       5
       8
       6
       2
       9
       5
       6
       5
       3
       3
       4
       4
       3
       4
       8
       6
       6
       7
       5
       4
       7
       6
       2
       1
       7
       8
       4
       4
       8
       3
       3
       4
       2
       4
       3
       2
       2
       4
       4
       6
       4
      12
       6
       5
       3
       5
       5
       3
       4
       2
       5
       2
       3
       0
       7
       4
       6
       6
       4
       1
       2
       5
       5
       3
       5
       4
       4
       1
       2
       2
       5
       1
       1
       8
       3
       4
       5
       2
       5
       5
       2
       3
       3
       2
       1
       2
       6
       2
       4
       0
       3
       5
       5
       3
       2
       7
       1
       3
       4
       4
       5
       2
       5
       1
       3
       5
       1
       4
       2
       2
       1
       2
       4
       8
       5
       1
       3
       1
       3
       3
       0
       2
       1
       2
       3
      11
       2
       2
       6
       2
       3
       4
       1
       3
       6
       2
       1
       4
       1
       5
       5
       3
       3
       9
       5
       5
       6
       5
       5
       3
       3
       4
       5
       6
       8
       6
       8
       7
       8
      12
      11
       5
       7
       5
       6
      10
      15
      10
       8
      10
       5
      14
       7
       9
       9
      10
      11
      11
       4
       6
       9
       9
      10
       9
       6
       6
       7
       8
      11
       4
       7
       9
      11
       7
      13
       6
       7
       9
       5
       7
       9
       6
       8
       3
       6
       8
       6
       6
       7
       9
       3
      12
       9
       3
       7
       4
       5
       4
       6
       7
       2
       2
       6
       3
       3
       5
       3
       0
       1
       2
       3
       3
       3
       5
       3
       5
       1
       3
       2
       4
       1
       4
       0
       3
       1
       3
       2
       2
       2
       0
       0
       5
       0
       2
       1
       2
       1
       2
       2
       0
       1
       2
       4
       2
       1
       0
       0
       0
       1
       0
       4
       1
       1
       2
       1
       0
       1
       3
       1
       3
       1
       0
       1
       0
       3
       2
       1
       4
       0
       0
       3
       2
       1
       3
       0
       2
       1
       0
       1
       2
       3
       1
       1
       2
       1
       2
       1
       1
       1
       3
       1
       2
       1
       1
       5
       0
       2
       2
       2
       3
       2
       1
       5
       2
       0
       3
       2
       1
       3
       2
       5
       1
       4
       5
       2
       3
       3
       2
       3
       2
       5
       2
       2
       2
       0
       4
       1
       1
       5
       1
       0
       1
       2
       2
       1
       0
       0
       0
       3
       1
       2
       2
       1
       1
       2
       2
       2
       1
       0
       1
       0
       2
       0
       0
       3
       0
       2
       2
       0
       0
       1
       0
       0
       2
       2
       1
       1
       2
       1
       4
       2
       1
       0
       1
       2
       2
       1
       1
       2
       0
       1
       0
       1
       0
       0
       4
       2
       2
       0
       0
       0
       1
       1
       0
       1
       1
       0
       0
       0
       0
       0
       0
       1
       0
       2
       1
       1
       2
       1
       0
       0
       1
       1
       0
       0
       0
       0
       1
       0
       0
       0
       0
       0
       0
       2
       1
       0
       1
       0
       0
       0
       0
       0
       0
       1
       0
       0
       1
       0
       0
       1
       0
       1
       1
       0
       0
       1
       1
       0
       0
       1
       1
       0
       0
       1
       0
       1
       1
       0
       1
$ROI:
0
$PRESETS:
None
0
0
$ENER_FIT:
0.000000 2.191293
$MCA_CAL:
3
0.000000E+000 2.191293E+000 0.000000E+000 keV
$SHAPE_CAL:
3
1.167119E+001 0.000000E+000 0.000000E+000
