$SPEC_ID:
No sample description was entered.
$SPEC_REM:
DET# 2
DETDESC# SPACESCIENCE8 digiBASE-RH SN 15121449
AP# Maestro Version 7.01
$DATE_MEA:
10/02/2024 16:01:20
$MEAS_TIM:
149 151
$DATA:
0 1023
       0
       0
       0
       0
       0
       0
       0
       0
       0
       0
    1170
    3794
    3403
    3237
    3555
    4215
    5372
    6941
    9058
   11389
   14167
   16755
   19320
   21914
   23286
   23989
   23807
   22768
   21368
   18651
   15908
   13387
   10741
    8544
    6371
    4636
    3323
    2340
    1711
    1124
     780
     567
     438
     345
     284
     229
     198
     196
     177
     159
     155
     150
     160
     146
     136
     137
     127
     109
     115
     116
      96
     120
      96
      92
      96
     101
      81
      88
      98
      93
      70
      82
      95
      89
      67
      71
      82
      66
      72
      65
      74
      63
      67
      58
      54
      64
      57
      71
      58
      48
      54
      74
      59
      68
      57
      60
      57
      66
      61
      37
      54
      46
      60
      49
      51
      59
      50
      43
      41
      51
      42
      41
      40
      40
      56
      43
      44
      45
      39
      33
      49
      45
      44
      38
      41
      28
      48
      39
      41
      38
      31
      25
      40
      35
      28
      34
      27
      30
      35
      23
      45
      31
      31
      29
      22
      33
      27
      33
      27
      33
      27
      30
      28
      30
      26
      27
      23
      20
      16
      28
      26
      25
      38
      25
      37
      18
      20
      23
      20
      20
      20
      14
      18
      18
      23
      19
      14
      20
      19
      17
      22
      22
      13
      21
      21
      23
      10
      16
      18
      11
      24
      19
      17
      13
      13
      18
      16
      18
      14
      15
      13
      15
      17
      17
      15
      20
      18
      10
      20
      13
      18
      22
      15
      14
      10
      14
      20
      14
      18
      12
      10
      17
       7
      14
      13
      12
      10
      15
      19
      12
      13
      14
       8
       7
      12
       9
      11
      10
       9
      15
      15
      10
      13
       9
      14
       9
      12
      10
      17
      12
       6
      11
      19
      16
      11
       9
      13
      14
       8
       6
       9
      12
      10
      11
       5
      11
      15
       7
      10
      16
       8
      14
      11
      15
       8
      15
       7
      14
       8
      10
      14
       4
       8
      11
      13
      11
      17
      10
       9
      18
      18
      14
      12
      11
      10
      15
       8
      15
      14
      16
      19
      15
      19
      16
      10
      11
      17
      14
      25
      14
      12
      12
      16
      21
      15
      10
      18
      22
      17
      12
      14
      14
      19
      16
      14
      18
      19
      17
      21
      27
      22
      21
      11
      19
       7
      14
      16
      15
      11
      16
      14
      12
      16
       7
      15
      12
      10
      10
       7
       6
      12
       9
       6
       6
      13
       5
       8
      11
       1
       5
       5
       9
       3
       8
       6
       1
       7
       5
       7
       2
       7
       7
       3
       8
       5
       6
       6
       6
       4
       5
       9
       3
       2
       5
       3
       7
       5
       4
       3
       5
       7
       6
       6
       3
       7
       4
       5
       2
       4
       0
       1
       4
       3
       4
       9
       3
       3
       2
       8
       1
       9
       2
       3
       6
       1
       5
       2
       2
       4
       5
       5
       2
       7
       6
       5
       4
       4
       6
       6
       1
       5
       3
       2
       1
       6
       3
       6
       5
       5
       1
       6
       4
       5
       4
       2
       5
       3
       1
       2
       7
       2
       1
       3
       3
       9
       3
       2
       7
       2
       4
       6
       8
       4
       2
       6
       6
       3
       5
       1
       3
       6
       4
       3
       3
       3
       3
       2
       3
       1
       3
       5
       1
       0
       5
       5
       1
       4
       1
       0
       5
       3
       4
       2
       4
       4
       6
       3
       0
       2
       3
       2
       3
       4
       3
       3
       4
       1
       1
       5
       3
       3
       2
       6
       3
       1
       0
       3
       1
       3
       1
       4
       2
       1
       5
       1
       2
       1
       4
       3
       4
       2
       5
       3
       4
       5
       3
       3
       4
       3
       4
       5
       1
       1
       4
       2
       3
       5
       1
       5
       3
       2
       7
       2
       2
       3
       3
       5
       4
       3
       3
       5
       3
       1
       6
       2
       0
       2
       2
       2
       3
       3
       3
       3
       2
       1
       4
       2
       3
       3
       2
       0
       2
       2
       3
       3
       4
       1
       2
       0
       0
       2
       3
       1
       1
       3
       2
       1
       2
       3
       3
       1
       3
       2
       2
       4
       2
       2
       1
       2
       2
       3
       2
       2
       2
       1
       3
       3
       3
       1
       1
       3
       3
       2
       1
       1
       4
       1
       1
       2
       3
       4
       2
       2
       3
       2
       4
       4
       3
       0
       0
       0
       3
       1
       1
       3
       1
       4
       2
       2
       1
       0
       2
       4
       0
       1
       1
       3
       2
       1
       3
       1
       0
       4
       2
       2
       1
       1
       0
       3
       2
       1
       4
       1
       4
       4
       0
       3
       2
       1
       4
       2
       3
       2
       1
       2
       5
       1
       5
       2
       3
       3
       3
       0
       5
       2
       2
       4
       1
       5
       2
       5
       3
       5
       6
       3
       3
       7
       6
       2
       5
       3
       7
       4
       2
       3
       6
       1
       2
       4
       2
       9
       6
       7
       4
       4
       4
       4
       6
       4
       4
       5
       6
       5
       8
       5
       2
       5
       5
       2
       5
       2
       5
       2
       2
       3
       2
       5
       2
       5
       3
       3
       3
       4
       3
       2
       2
       1
       3
       0
       3
       2
       1
       2
       0
       5
       3
       0
       3
       1
       4
       1
       0
       0
       3
       1
       1
       0
       4
       1
       1
       0
       1
       4
       1
       0
       1
       0
       1
       3
       0
       0
       2
       1
       0
       2
       0
       2
       1
       0
       0
       0
       0
       0
       0
       1
       0
       1
       0
       0
       0
       1
       0
       0
       0
       2
       0
       2
       3
       1
       1
       0
       0
       2
       2
       1
       1
       0
       1
       0
       1
       0
       3
       2
       0
       1
       1
       0
       0
       1
       1
       1
       1
       0
       1
       2
       2
       0
       1
       0
       1
       1
       0
       3
       1
       0
       0
       1
       2
       1
       0
       2
       3
       0
       2
       0
       1
       2
       2
       0
       0
       0
       1
       1
       1
       0
       1
       2
       0
       0
       0
       3
       1
       0
       1
       1
       2
       2
       2
       1
       0
       0
       0
       1
       1
       2
       0
       1
       0
       2
       2
       1
       1
       1
       0
       2
       0
       0
       0
       0
       2
       1
       1
       2
       0
       0
       0
       0
       0
       0
       0
       0
       0
       0
       2
       1
       1
       1
       0
       1
       1
       0
       2
       0
       2
       0
       0
       0
       0
       2
       0
       0
       0
       0
       0
       0
       0
       0
       1
       0
       0
       1
       0
       0
       0
       0
       0
       0
       0
       0
       0
       0
       0
       0
       1
       1
       0
       1
       0
       1
       1
       1
       0
       1
       0
       1
       0
       0
       0
       0
       0
       0
       0
       0
       0
       0
       0
       0
       0
       0
       0
       1
       0
       0
       0
       0
       0
       0
       0
       0
       0
       0
       0
       0
       0
       0
       1
       1
       0
       0
       0
       0
       1
       1
       0
       0
       0
       0
       0
       0
       0
       0
       0
       1
       0
$ROI:
0
$PRESETS:
None
0
0
$ENER_FIT:
0.000000 2.191293
$MCA_CAL:
3
0.000000E+000 2.191293E+000 0.000000E+000 keV
$SHAPE_CAL:
3
1.167119E+001 0.000000E+000 0.000000E+000
