$SPEC_ID:
No sample description was entered.
$SPEC_REM:
DET# 2
DETDESC# SPACESCIENCE8 digiBASE-RH SN 15121449
AP# Maestro Version 7.01
$DATE_MEA:
10/02/2024 14:21:01
$MEAS_TIM:
149 150
$DATA:
0 1023
       0
       0
       0
       0
       0
       0
       0
       0
       0
       0
     315
    1334
    1502
    1610
    1643
    1477
    1341
    1128
     915
     793
     601
     507
     430
     394
     329
     347
     338
     365
     346
     329
     339
     327
     376
     372
     378
     342
     391
     380
     438
     416
     420
     410
     429
     455
     413
     407
     437
     440
     388
     411
     433
     404
     415
     436
     367
     419
     431
     406
     420
     426
     398
     412
     415
     438
     435
     437
     463
     431
     430
     411
     408
     428
     451
     452
     412
     444
     431
     439
     486
     439
     457
     491
     455
     441
     475
     508
     483
     497
     504
     517
     499
     550
     520
     535
     558
     480
     528
     518
     540
     519
     501
     496
     541
     520
     530
     496
     518
     556
     523
     457
     457
     480
     486
     484
     506
     437
     501
     450
     441
     452
     443
     435
     384
     392
     384
     412
     424
     411
     432
     380
     406
     394
     381
     396
     369
     351
     383
     389
     397
     321
     359
     370
     334
     323
     348
     347
     345
     324
     328
     311
     364
     312
     310
     293
     307
     308
     313
     286
     307
     267
     302
     288
     270
     310
     317
     310
     274
     291
     268
     278
     275
     271
     266
     262
     240
     269
     266
     251
     271
     249
     260
     216
     247
     259
     249
     223
     267
     233
     268
     229
     233
     256
     223
     226
     227
     247
     219
     237
     231
     192
     215
     260
     191
     188
     221
     195
     199
     191
     202
     208
     201
     197
     204
     165
     195
     184
     192
     179
     208
     193
     163
     191
     163
     195
     188
     158
     162
     188
     158
     152
     190
     166
     149
     155
     147
     169
     136
     161
     138
     139
     134
     139
     154
     129
     138
     121
      99
     101
     113
      95
      94
      92
      93
      96
      91
      94
      89
      97
      86
      80
      61
      92
      74
      65
      75
      73
      66
      61
      63
      60
      70
      56
      74
      69
      63
      84
      66
      75
      80
      80
      74
      83
      77
      92
      89
     103
     109
      96
     121
     138
     129
     161
     152
     163
     188
     186
     201
     249
     259
     290
     333
     303
     348
     431
     533
     502
     566
     667
     701
     708
     841
     808
     940
    1034
     996
    1145
    1208
    1346
    1382
    1475
    1543
    1587
    1686
    1788
    1792
    1816
    1946
    2025
    2061
    2040
    2173
    2228
    2259
    2263
    2222
    2260
    2251
    2187
    2231
    2159
    2221
    2136
    2053
    2072
    1941
    1873
    1877
    1765
    1733
    1585
    1496
    1416
    1365
    1323
    1211
    1217
    1084
     993
     946
     822
     742
     699
     699
     598
     552
     472
     456
     410
     352
     323
     277
     248
     254
     198
     176
     150
     155
     125
     118
     124
      83
      71
      70
      57
      43
      34
      44
      35
      31
      29
      26
      10
      19
      12
       7
       7
      10
       8
       9
       8
       8
       8
       8
       8
       7
       2
       7
       1
       5
       4
       6
       5
       7
       6
       9
       6
       0
       6
       2
       7
       5
       3
       1
       3
       6
       5
       8
       8
       5
       4
       4
       5
       5
       6
       9
       5
       9
       4
      10
       8
       7
       1
       6
       8
       7
       4
       8
       2
       8
       3
       7
       3
       5
       5
       8
       4
       5
       2
       2
       3
       4
       4
       5
       7
       3
       5
       6
       2
       4
      10
       7
       3
       3
       2
       6
       5
       3
       6
       6
       5
       6
       3
       5
       0
       4
       4
       5
       2
       5
       2
       7
       4
       9
       2
       4
       2
       4
       4
       4
       4
       6
       3
       7
       5
      11
       5
       5
       3
       3
       7
       2
       3
       5
       3
       3
       4
       4
       0
       1
       2
       2
       1
       2
       3
       4
       5
       4
       4
       0
       1
       2
       4
       4
       2
       6
       5
       4
       2
       4
       2
       4
       5
       2
       2
       3
       1
       4
       3
       1
       1
       4
       1
       2
       3
       5
       1
       4
       2
       4
       5
       6
       1
       0
       4
       3
       3
       5
       3
       4
       4
       2
       4
       5
       2
       2
       5
       2
       8
       4
       3
       2
       5
       6
       3
       2
       2
       4
       2
       3
       1
       2
       5
       3
       1
       3
       6
       2
       2
       2
       1
       5
       1
       2
       3
       3
       2
       2
       3
       3
       2
       2
       6
       2
       3
       1
       1
       2
       2
       3
       1
       3
       0
       3
       4
       4
       2
       2
       1
       6
       4
       1
       3
       5
       4
       1
       1
       1
       4
       5
       3
       2
       3
       4
       3
       1
       2
       1
       3
       2
       4
       1
       0
       1
       1
       1
       4
       2
       1
       2
       2
       2
       2
       2
       1
       5
       3
       2
       1
       1
       1
       1
       4
       4
       2
       3
       0
       3
       1
       3
       1
       3
       1
       3
       1
       0
       3
       4
       1
       2
       3
       2
       0
       1
       4
       3
       3
       4
       2
       1
       3
       0
       1
       3
       4
       6
       4
       2
       5
       7
       3
       8
       3
       4
       2
       2
       5
       2
       2
       2
       1
       3
       6
       4
       8
       4
       3
       2
       6
       1
       7
       8
       1
       1
       3
       1
       1
       1
       3
       5
       8
       5
       3
       2
       3
       8
       7
       5
       4
       7
       6
       3
       9
       6
       4
       1
       2
       2
       1
       8
       6
       2
       3
       6
       6
       4
       6
       4
       6
       0
       4
       6
       2
       1
       4
       2
       2
       1
       4
       2
       0
       5
       1
       1
       2
       1
       0
       0
       3
       1
       1
       1
       1
       2
       4
       0
       2
       1
       3
       2
       1
       1
       0
       2
       1
       1
       2
       1
       0
       0
       1
       3
       0
       1
       1
       1
       1
       1
       1
       0
       2
       3
       1
       2
       1
       1
       0
       0
       0
       0
       0
       1
       0
       0
       1
       1
       0
       1
       0
       0
       1
       0
       0
       0
       0
       1
       0
       2
       0
       5
       0
       0
       0
       0
       0
       2
       0
       2
       1
       2
       0
       0
       2
       2
       2
       0
       1
       0
       3
       0
       0
       0
       2
       1
       1
       1
       2
       1
       0
       3
       0
       1
       1
       1
       1
       1
       1
       0
       2
       0
       0
       3
       1
       2
       1
       1
       0
       1
       1
       0
       0
       1
       1
       0
       1
       2
       0
       1
       1
       2
       0
       1
       2
       1
       0
       1
       0
       0
       2
       1
       0
       0
       0
       2
       1
       1
       1
       1
       0
       0
       2
       1
       1
       1
       1
       2
       0
       1
       1
       0
       1
       0
       0
       1
       1
       1
       0
       0
       2
       0
       0
       0
       1
       0
       0
       0
       0
       0
       0
       0
       0
       0
       0
       1
       0
       0
       1
       1
       0
       0
       1
       2
       1
       0
       0
       0
       0
       0
       1
       0
       2
       0
       0
       1
       1
       1
       0
       0
       1
       0
       0
       0
       0
       0
       0
       0
       0
       0
       0
       0
       0
       0
       0
       0
       0
       0
       0
       0
       0
       0
       0
       0
       0
       0
       0
       0
       0
       0
       0
       0
       0
       0
       1
       0
       0
$ROI:
0
$PRESETS:
None
0
0
$ENER_FIT:
0.000000 2.191293
$MCA_CAL:
3
0.000000E+000 2.191293E+000 0.000000E+000 keV
$SHAPE_CAL:
3
1.167119E+001 0.000000E+000 0.000000E+000
