$SPEC_ID:
No sample description was entered.
$SPEC_REM:
DET# 2
DETDESC# SPACESCIENCE8 digiBASE-RH SN 15121449
AP# Maestro Version 7.01
$DATE_MEA:
10/02/2024 15:07:58
$MEAS_TIM:
299 300
$DATA:
0 1023
       0
       0
       0
       0
       0
       0
       0
       0
       0
       0
    1900
    7635
    8372
    8059
    7357
    6327
    5138
    3959
    2987
    2311
    1821
    1491
    1330
    1237
    1201
    1350
    1397
    1486
    1675
    1800
    1884
    2138
    2232
    2375
    2437
    2478
    2568
    2608
    2421
    2312
    2148
    1925
    1724
    1532
    1365
    1145
    1018
     909
     783
     709
     643
     583
     534
     501
     479
     507
     501
     466
     455
     480
     475
     488
     513
     501
     482
     483
     536
     558
     513
     489
     581
     550
     591
     577
     552
     609
     547
     537
     588
     535
     592
     524
     537
     527
     539
     530
     516
     516
     506
     504
     499
     497
     508
     483
     491
     499
     460
     485
     449
     420
     445
     422
     454
     406
     416
     432
     403
     397
     359
     412
     360
     354
     369
     371
     346
     375
     355
     410
     353
     389
     364
     337
     388
     379
     408
     424
     408
     505
     467
     509
     527
     495
     593
     558
     569
     589
     606
     615
     644
     653
     704
     700
     679
     711
     746
     729
     691
     752
     687
     745
     707
     787
     701
     752
     749
     836
     862
     944
     960
     888
    1047
    1053
    1041
    1100
    1132
    1224
    1175
    1247
    1343
    1404
    1393
    1364
    1397
    1304
    1263
    1377
    1308
    1319
    1301
    1208
    1189
    1174
    1096
    1057
     986
     912
     906
     817
     735
     672
     666
     562
     539
     484
     433
     409
     372
     341
     291
     276
     238
     217
     177
     184
     157
     136
     128
      92
      91
      85
      87
      60
      74
      74
      58
      50
      56
      39
      46
      37
      37
      30
      35
      41
      32
      22
      20
      29
      21
      20
      27
      27
      27
      25
      25
      31
      25
      24
      15
      21
      25
      20
      21
      20
      28
      16
      16
      21
      29
      20
      12
      31
      17
      22
      24
      17
      18
      16
      23
      22
      15
      13
      18
      27
      11
      24
      19
      11
      22
      26
      20
      13
      19
      21
      22
      19
      27
      17
      32
      22
      21
      18
      23
      20
      20
      12
      15
      22
      12
      24
      15
      22
      24
      23
      18
      38
      25
      17
      19
      35
      25
      26
      14
      27
      26
      19
      21
      20
      29
      18
      28
      19
      22
      16
      21
      20
      25
      22
      17
      33
      11
      23
      11
      16
      20
      22
      19
      20
      12
      21
      19
      21
      17
      12
      21
      19
      13
      20
      17
       9
      11
      14
      11
      17
      12
      14
      11
      13
      15
      12
      13
       7
      19
       8
      18
      11
       8
      12
      15
      16
      10
      10
       8
      13
      14
       8
      12
      11
       4
      10
      10
       7
      11
      11
       9
       8
       5
      19
      11
       8
       6
       9
       9
      12
      10
      12
       9
      10
       5
       9
       9
      10
       5
      15
       7
      12
       9
       3
      14
      15
       8
       8
       4
       5
      10
      11
       6
       6
       7
       6
       9
      12
       6
      11
       8
       5
       8
      11
       5
      11
       6
       7
       9
       3
       2
      11
      11
       5
       6
       6
       7
       8
       5
       5
       8
       7
      10
       8
      11
       6
      10
      11
       6
       5
       9
       6
       5
       6
      13
       6
       6
       7
       3
      10
       7
       6
      10
       6
       9
      11
      10
       6
       7
       4
       4
      12
       9
       3
      10
       8
       6
       7
       5
      10
      11
       4
       5
       3
      10
       6
       4
       7
       5
       6
       5
       8
       4
       6
       3
       8
       5
       8
       6
       7
       5
       8
       3
       5
      11
       7
       5
       6
       3
       8
       6
       7
       5
       5
       9
       5
       7
       6
       7
       5
      10
       1
       4
       7
       7
       4
       4
       6
       7
       5
       6
       7
       6
       4
       5
       2
       3
       5
       6
       8
       3
       7
       5
       6
       1
       6
       2
      10
       5
       2
       9
      10
       5
       3
       6
       7
       6
       4
       5
       6
       7
       7
       7
       8
       8
       6
       9
      10
       8
       6
       8
       3
       7
      10
       6
       4
       5
       3
       5
       2
       5
       6
       3
       4
       4
       4
       3
       9
       6
       5
       6
       3
       2
       3
       4
       2
       8
       4
       5
       0
       8
       3
       1
       3
       2
       4
       2
       2
       2
       2
       3
       2
       5
       5
       2
       3
       3
       6
       5
       6
       1
       7
       3
       1
       4
       3
       3
       2
       1
       2
       5
       7
       3
       2
       3
       2
       2
       2
       1
       4
       3
       3
       1
       2
       2
       3
       4
       3
       2
       6
       3
       6
       5
       5
       3
       4
       2
       3
       3
       2
       2
       3
       3
       2
       3
       2
       4
       2
       2
       1
       3
       2
       3
       3
       3
       4
       3
       5
       4
       2
       5
       4
       2
       6
       2
       4
       3
       4
       5
       3
       1
       3
       4
       8
       6
       2
       2
       9
       8
       5
       5
      11
       4
       8
       7
       7
      14
       8
      13
       7
       9
       7
       8
       8
      16
       8
       7
       6
      10
      14
       9
       6
       8
      14
       8
      13
      10
       7
      13
      12
       5
      11
       6
       5
       9
       9
       6
      14
      15
       4
       7
      11
       9
      13
      10
      13
       8
       5
       8
       8
      11
       5
       6
       6
       4
       7
       7
       7
       5
       6
       7
       5
       7
       3
       4
       5
       6
       7
       4
       1
       1
       2
       2
       2
       3
       3
       5
       5
       1
       1
       2
       3
       3
       2
       0
       3
       3
       0
       3
       1
       2
       0
       2
       1
       4
       2
       1
       2
       1
       0
       0
       4
       0
       1
       3
       0
       0
       0
       0
       1
       1
       3
       2
       3
       1
       3
       0
       1
       1
       0
       1
       1
       5
       0
       0
       2
       2
       1
       0
       0
       2
       1
       1
       2
       1
       2
       2
       0
       3
       0
       3
       1
       2
       1
       6
       2
       0
       2
       1
       2
       3
       0
       0
       2
       2
       1
       4
       1
       1
       0
       2
       1
       5
       1
       2
       3
       3
       0
       2
       1
       4
       3
       2
       2
       0
       5
       1
       0
       1
       1
       3
       1
       2
       5
       2
       4
       2
       2
       1
       0
       2
       3
       2
       2
       2
       1
       2
       1
       3
       2
       0
       1
       1
       2
       1
       1
       2
       0
       1
       0
       0
       3
       3
       2
       2
       2
       0
       1
       1
       1
       3
       5
       1
       0
       1
       1
       5
       0
       1
       0
       2
       0
       1
       1
       1
       1
       3
       0
       2
       1
       2
       0
       1
       0
       0
       2
       1
       0
       0
       1
       0
       0
       2
       0
       0
       3
       0
       1
       1
       0
       0
       0
       0
       1
       1
       0
       0
       0
       1
       0
       2
       0
       2
       0
       1
       1
       0
       1
       0
       1
       0
       0
       0
       0
       0
       0
       0
       0
       1
       0
       1
       0
       0
       0
       0
       2
       0
       0
       2
       1
       2
       0
       0
       0
       1
       0
       0
       0
       1
       0
       1
       1
       1
       3
       0
       1
       0
       1
       0
       1
       0
       1
       0
       0
       1
       0
       2
       1
       0
       0
$ROI:
0
$PRESETS:
None
0
0
$ENER_FIT:
0.000000 2.191293
$MCA_CAL:
3
0.000000E+000 2.191293E+000 0.000000E+000 keV
$SHAPE_CAL:
3
1.167119E+001 0.000000E+000 0.000000E+000
