$SPEC_ID:
No sample description was entered.
$SPEC_REM:
DET# 2
DETDESC# SPACESCIENCE8 digiBASE-RH SN 15121449
AP# Maestro Version 7.01
$DATE_MEA:
10/02/2024 15:52:44
$MEAS_TIM:
149 150
$DATA:
0 1023
       0
       0
       0
       0
       0
       0
       0
       0
       0
       0
    1094
    3527
    3046
    2763
    2912
    3293
    4169
    5337
    6846
    8701
   10613
   12675
   14577
   16579
   17811
   18120
   18659
   17572
   16358
   14644
   12784
   10827
    8743
    6747
    5333
    3750
    2845
    2070
    1440
     994
     699
     492
     400
     325
     222
     215
     183
     171
     177
     180
     141
     140
     137
     144
     118
     130
     119
     120
     102
      98
     116
      98
     116
     112
      80
      99
      87
      78
      83
      87
      75
      73
      76
      77
      64
      74
      73
      66
      80
      89
      61
      61
      63
      76
      78
      64
      47
      63
      66
      64
      58
      55
      62
      65
      51
      52
      58
      50
      47
      57
      44
      50
      47
      52
      49
      48
      70
      50
      52
      51
      43
      45
      40
      46
      40
      48
      47
      45
      38
      44
      47
      43
      34
      35
      40
      35
      29
      39
      29
      30
      20
      24
      38
      34
      35
      21
      31
      30
      29
      32
      35
      37
      25
      34
      36
      30
      27
      21
      27
      26
      32
      31
      25
      25
      22
      28
      24
      20
      19
      12
      24
      32
      20
      23
      18
      17
      18
      25
      24
      24
      16
      23
      22
      20
      25
      25
      27
      12
      19
      19
      17
      16
      14
      15
      27
      19
      15
      14
      20
      20
      21
      15
      18
      13
      10
      14
      24
      14
       7
       9
      16
       7
      10
      11
      18
      15
      17
      14
      19
      16
      14
      15
      16
      11
      18
      19
      15
       5
      12
      15
      12
      18
      12
       7
      13
      11
      12
      11
       5
      12
      22
      15
      12
      17
       9
      17
      10
       8
      10
      10
       5
      19
      12
      11
      11
       6
       7
      14
      16
      14
       9
      12
      19
      16
      14
      12
       9
       6
      18
      10
      13
      12
       9
      15
      10
      13
       8
       8
      12
      11
       7
      12
      12
      13
       5
      15
       7
      13
      10
      10
      17
      19
      14
      11
      12
      10
      15
      11
      14
      12
      12
       9
      15
      10
      20
      12
      17
       9
      23
      11
       7
      14
      15
      14
      22
      12
      15
      12
      16
      13
      25
      20
      12
      19
      18
      13
      18
      20
      14
      22
      22
      26
      18
      20
      14
      20
      17
      23
      20
      19
      20
      13
      18
       8
      20
      15
      14
       9
      10
       9
      14
       9
      14
       9
       9
      11
       7
       8
      16
       4
      10
       6
       6
       7
      11
       9
       3
       9
       5
       4
       4
       6
      10
       5
       6
       6
       4
       4
       4
       3
       6
       8
       7
       5
       8
       5
       5
      10
       4
      11
       3
       4
       2
       4
       6
       5
       1
       6
       0
       8
       3
       2
       3
       8
       1
       3
       8
       3
       7
       2
       5
       6
       3
       4
       2
       4
       5
       5
       6
       1
       3
       4
       3
       6
       2
       3
       4
       4
       2
       5
       3
       0
       6
       7
       4
       1
       2
       4
       4
       1
       8
       6
       4
       5
       2
       2
       3
       3
       2
       3
       4
       2
       6
       7
       5
       4
       8
       6
       1
       3
       2
       5
       2
       3
       4
       4
       4
       5
       4
       4
       4
       6
       3
       1
       3
       4
       6
       5
       5
       4
       4
       3
       4
       1
       6
       5
       2
      11
       3
       3
       3
       3
       5
       4
       2
       3
       5
       2
       4
       4
       1
       1
       1
       0
       1
       2
       3
       8
       3
       1
       1
       1
       2
       5
       3
       4
       0
       3
       5
       3
       2
       2
       2
       1
       6
       4
       2
       6
       2
       1
       4
       4
       0
       5
       2
       2
       0
       3
       1
       2
       2
       3
      11
       2
       4
       3
       4
       3
       4
       5
       2
       0
       1
       2
       3
       1
       4
       4
       5
       3
       1
       2
       2
       6
       3
       3
       4
       2
       1
       2
       1
       1
       3
       2
       3
       1
       0
       4
       2
       2
       3
       3
       2
       4
       3
       0
       3
       5
       3
       0
       3
       1
       4
       1
       0
       2
       0
       2
       4
       6
       2
       1
       0
       1
       2
       2
       3
       2
       4
       2
       1
       0
       3
       1
       0
       1
       1
       3
       1
       0
       1
       1
       0
       2
       1
       1
       2
       0
       0
       0
       2
       1
       1
       2
       2
       4
       1
       3
       2
       2
       1
       1
       2
       0
       2
       1
       6
       0
       1
       1
       2
       0
       3
       3
       2
       1
       1
       2
       1
       2
       3
       1
       2
       1
       2
       2
       1
       1
       1
       2
       2
       5
       3
       2
       1
       3
       2
       0
       3
       1
       0
       0
       4
       2
       3
       2
       1
       9
       2
       3
       2
       4
       3
       0
       5
       1
       1
       4
       0
       2
       2
       2
       5
       5
       1
       1
       2
       5
       9
       3
       6
       6
       4
       2
       4
       9
       5
       5
       5
       5
       4
       1
       7
       5
       4
       3
       2
       3
       6
       5
       8
       2
       3
       4
       3
       1
       4
       4
       3
       4
       3
       5
       4
       4
       3
       2
       8
       3
       6
       2
       4
       3
       6
       5
       7
       4
       4
       2
       0
       4
       3
       5
       2
       2
       2
       2
       2
       2
       3
       1
       3
       1
       3
       3
       3
       2
       0
       2
       4
       0
       0
       2
       1
       1
       1
       2
       0
       0
       1
       0
       1
       0
       1
       1
       0
       1
       2
       2
       1
       0
       0
       0
       0
       1
       1
       0
       0
       1
       1
       0
       0
       1
       0
       2
       1
       2
       0
       0
       0
       0
       1
       2
       1
       5
       1
       0
       1
       1
       1
       0
       1
       0
       0
       1
       2
       0
       0
       0
       0
       1
       0
       1
       1
       1
       1
       0
       1
       1
       1
       0
       2
       0
       1
       0
       2
       0
       2
       1
       1
       1
       0
       1
       0
       0
       0
       2
       0
       3
       1
       0
       1
       2
       1
       1
       2
       0
       2
       0
       0
       0
       0
       1
       2
       0
       1
       3
       0
       2
       1
       1
       0
       1
       1
       0
       4
       0
       0
       2
       1
       0
       2
       2
       0
       1
       1
       0
       0
       1
       1
       1
       0
       0
       1
       0
       2
       1
       0
       2
       1
       0
       0
       2
       0
       3
       0
       0
       1
       2
       0
       0
       2
       0
       1
       1
       2
       0
       0
       1
       0
       0
       0
       3
       1
       0
       0
       0
       0
       0
       0
       0
       0
       0
       0
       0
       0
       0
       0
       1
       0
       1
       1
       0
       0
       0
       0
       0
       0
       1
       0
       0
       0
       0
       1
       0
       1
       0
       1
       0
       1
       1
       0
       0
       0
       1
       0
       0
       0
       0
       0
       0
       0
       0
       0
       1
       0
       0
       0
       0
       0
       0
       0
       0
       1
       0
       0
       0
       1
       0
       0
       0
       2
       0
       0
       1
       0
       0
       0
       0
       0
       0
       0
       1
       0
       0
       0
       0
       0
       0
       0
       0
       0
       0
       1
       0
$ROI:
0
$PRESETS:
None
0
0
$ENER_FIT:
0.000000 2.191293
$MCA_CAL:
3
0.000000E+000 2.191293E+000 0.000000E+000 keV
$SHAPE_CAL:
3
1.167119E+001 0.000000E+000 0.000000E+000
