$SPEC_ID:
No sample description was entered.
$SPEC_REM:
DET# 2
DETDESC# SPACESCIENCE8 digiBASE-RH SN 15121449
AP# Maestro Version 7.01
$DATE_MEA:
10/02/2024 14:40:14
$MEAS_TIM:
148 150
$DATA:
0 1023
       0
       0
       0
       0
       0
       0
       0
       0
       0
       0
     533
    2070
    2248
    2429
    2255
    2029
    1811
    1514
    1170
     979
     785
     693
     567
     474
     508
     463
     452
     490
     469
     469
     467
     476
     522
     471
     517
     507
     550
     560
     559
     563
     599
     528
     565
     520
     542
     554
     568
     565
     585
     577
     550
     579
     593
     557
     600
     611
     607
     576
     577
     639
     586
     612
     656
     628
     648
     652
     635
     558
     595
     660
     636
     639
     658
     602
     629
     625
     635
     647
     570
     698
     642
     700
     756
     715
     717
     774
     718
     760
     757
     750
     767
     751
     794
     836
     791
     833
     811
     833
     785
     812
     819
     829
     777
     783
     800
     804
     776
     783
     827
     800
     753
     801
     777
     776
     729
     749
     723
     740
     721
     730
     699
     701
     709
     698
     697
     676
     732
     701
     681
     657
     695
     692
     611
     608
     621
     629
     621
     637
     573
     606
     607
     598
     583
     603
     541
     594
     606
     519
     558
     550
     526
     542
     536
     511
     522
     516
     531
     466
     468
     465
     448
     501
     471
     442
     416
     405
     427
     430
     418
     432
     415
     462
     393
     380
     409
     427
     363
     397
     385
     348
     349
     385
     362
     356
     366
     325
     338
     348
     312
     327
     337
     334
     351
     316
     296
     316
     276
     275
     299
     294
     306
     296
     276
     267
     291
     255
     277
     288
     268
     273
     283
     270
     273
     250
     243
     232
     236
     236
     226
     248
     243
     239
     228
     219
     224
     227
     205
     191
     222
     186
     201
     196
     191
     176
     197
     145
     189
     188
     170
     153
     155
     164
     155
     144
     154
     160
     145
     154
     126
     151
     101
     120
     141
     105
     106
     111
      90
      99
      87
      91
     109
     117
      94
      94
     103
      92
     106
     113
     118
     115
      95
     115
     122
     117
     124
     134
     134
     153
     125
     155
     193
     172
     225
     206
     247
     236
     274
     320
     331
     379
     366
     401
     444
     497
     535
     583
     688
     714
     784
     837
     938
    1056
    1097
    1264
    1262
    1429
    1565
    1636
    1815
    1941
    2043
    2168
    2332
    2406
    2586
    2669
    2946
    3081
    3142
    3208
    3342
    3381
    3487
    3738
    3664
    3743
    3822
    3846
    3813
    3864
    3837
    3816
    3750
    3791
    3692
    3616
    3577
    3545
    3439
    3351
    3069
    3048
    2850
    2878
    2668
    2582
    2421
    2293
    2185
    1995
    1830
    1727
    1643
    1518
    1376
    1253
    1239
     980
     918
     884
     758
     710
     601
     628
     521
     474
     436
     403
     294
     245
     256
     210
     207
     175
     149
     131
     142
      93
      81
      78
      70
      58
      44
      32
      38
      30
      29
      24
      25
      20
      21
      15
      10
      10
       7
      14
       7
       6
      11
       7
       8
      10
       6
      11
       7
       4
       4
       4
       5
       8
       6
       6
       8
       5
       5
      12
      10
       8
      10
       7
      10
       8
       5
       4
      11
       6
       3
       7
       6
       7
       6
       9
       5
       9
       7
       4
       4
       6
       4
       5
       9
       7
       7
       3
       7
       5
       9
       6
      14
       2
       6
       3
       5
       3
       5
      10
      10
       5
       8
       7
       6
       4
       5
      12
       6
       2
       7
       8
       8
       5
       6
       9
       6
       5
       5
       6
       5
       4
       9
       3
       1
       4
       7
       8
      10
       3
       3
       3
       3
       6
       5
       7
       5
       6
       5
       5
       2
      10
       5
       4
       5
       5
       6
       4
       4
       5
       1
       2
       4
       6
       4
       5
       5
       3
       5
       6
       4
       6
       3
       4
       4
       3
       4
      10
       3
       4
       2
      10
       1
       4
       4
       2
       5
       3
       5
       5
       8
       6
       5
       3
       7
       6
       7
       7
       3
       5
       4
       5
       6
       1
       5
       3
       3
       4
       7
       7
       3
       3
       3
       5
       4
       5
       8
       7
       2
       6
       2
       3
       3
       3
       4
       1
       0
       5
       5
       3
       3
       6
       8
       5
       5
       5
       9
       5
       1
       3
       8
       6
       6
       2
       2
       3
       2
       8
       3
       5
       2
       6
       5
       5
      10
       2
       3
       4
       2
       5
       6
       6
       6
       5
       3
       3
       1
       4
       8
       5
       4
       6
       3
       5
       5
       6
       5
       3
       3
       1
       4
       5
       5
       1
       1
       6
       1
       7
       3
       3
       5
       2
       3
       6
       3
       6
      10
       6
       7
       4
       6
       2
       3
       4
       5
       6
       7
       7
       6
       1
       2
       4
       0
       6
       5
       3
       1
       5
       5
       4
       1
       2
       3
       4
       6
       5
       3
       4
       4
       1
       7
       1
       5
       2
       2
       3
       3
       5
       5
       4
       2
       5
       3
       1
       6
       2
       3
       4
       1
       2
       1
       1
       2
       1
       1
       1
       4
       4
       4
       0
       4
       5
       4
       4
       5
       0
       6
       4
       3
       7
       7
       3
       3
       7
       6
       5
       3
       7
       4
       7
       5
       2
       5
       2
       4
       9
       4
       3
       4
       6
       6
       6
       5
       2
       6
       6
       0
       2
       6
       0
       5
       4
       7
       1
       5
       6
       7
       4
       3
       9
       6
       2
       4
       1
       1
       3
       1
       2
       4
       3
       3
       2
       2
       2
       3
       3
       5
       2
       3
       0
       1
       1
       2
       3
       1
       5
       3
       0
       1
       3
       4
       1
       1
       0
       1
       0
       2
       0
       2
       0
       2
       1
       0
       2
       1
       1
       0
       0
       0
       0
       1
       1
       2
       1
       2
       0
       1
       1
       0
       0
       0
       1
       0
       1
       0
       2
       2
       0
       0
       0
       1
       2
       0
       1
       0
       1
       0
       1
       0
       1
       3
       0
       2
       1
       0
       0
       1
       2
       1
       0
       0
       0
       0
       0
       1
       1
       1
       2
       2
       0
       0
       0
       1
       0
       1
       0
       1
       1
       0
       0
       0
       1
       0
       0
       1
       1
       1
       0
       1
       0
       1
       2
       1
       1
       2
       0
       1
       0
       0
       0
       1
       1
       1
       1
       2
       0
       1
       1
       1
       2
       1
       2
       0
       0
       2
       1
       2
       0
       1
       1
       0
       0
       0
       0
       3
       1
       0
       2
       0
       2
       1
       0
       0
       0
       0
       1
       3
       0
       3
       0
       0
       0
       0
       1
       0
       2
       0
       1
       0
       1
       0
       0
       2
       0
       0
       0
       0
       1
       0
       0
       0
       1
       0
       0
       1
       2
       1
       1
       1
       0
       0
       0
       1
       0
       1
       2
       1
       0
       0
       1
       1
       0
       0
       1
       0
       0
       0
       0
       0
       0
       0
       1
       0
       0
       0
       1
       0
       0
       0
       2
       0
       0
       0
       0
       0
       1
       0
       0
       0
       1
       1
       0
       0
       1
       1
       0
       0
       0
       0
       0
       0
       0
       0
       0
       1
       0
       0
       0
       1
       0
       0
       0
       0
       0
       0
       0
       1
       0
$ROI:
0
$PRESETS:
None
0
0
$ENER_FIT:
0.000000 2.191293
$MCA_CAL:
3
0.000000E+000 2.191293E+000 0.000000E+000 keV
$SHAPE_CAL:
3
1.167119E+001 0.000000E+000 0.000000E+000
