$SPEC_ID:
No sample description was entered.
$SPEC_REM:
DET# 2
DETDESC# SPACESCIENCE8 digiBASE-RH SN 15121449
AP# Maestro Version 7.01
$DATE_MEA:
10/02/2024 14:27:51
$MEAS_TIM:
149 150
$DATA:
0 1023
       0
       0
       0
       0
       0
       0
       0
       0
       0
       0
     354
    1443
    1723
    1848
    1787
    1698
    1460
    1211
     941
     862
     637
     568
     523
     422
     375
     397
     390
     345
     376
     389
     368
     376
     394
     412
     450
     431
     450
     425
     411
     435
     437
     436
     450
     481
     445
     425
     490
     469
     422
     472
     447
     425
     424
     403
     441
     445
     403
     472
     445
     420
     485
     439
     470
     460
     459
     442
     466
     476
     486
     473
     452
     434
     454
     454
     480
     491
     479
     477
     494
     479
     508
     503
     511
     508
     546
     532
     575
     566
     532
     529
     526
     561
     603
     543
     559
     582
     557
     642
     542
     618
     598
     546
     571
     568
     556
     577
     555
     535
     510
     535
     491
     539
     507
     503
     500
     490
     550
     502
     466
     494
     462
     529
     503
     448
     463
     473
     455
     461
     465
     482
     433
     436
     443
     432
     423
     415
     427
     426
     471
     391
     385
     416
     416
     408
     423
     422
     394
     394
     384
     349
     367
     352
     384
     370
     356
     344
     320
     335
     319
     348
     363
     343
     336
     327
     307
     319
     305
     321
     300
     309
     337
     305
     342
     297
     300
     296
     279
     304
     295
     308
     285
     273
     257
     280
     282
     277
     269
     251
     237
     252
     251
     247
     294
     271
     227
     210
     266
     251
     256
     239
     245
     249
     199
     260
     234
     211
     205
     224
     232
     219
     199
     244
     187
     212
     211
     214
     217
     226
     191
     216
     208
     201
     213
     202
     190
     208
     193
     191
     158
     173
     162
     179
     163
     164
     164
     172
     163
     134
     152
     156
     126
     137
     112
     132
     126
     120
     133
     115
     132
     120
     104
     108
     126
      91
      91
      84
      94
      98
      86
      75
      72
      91
      86
      75
      68
      87
      69
      82
      65
      73
      65
      68
      74
      89
      66
      79
      82
      75
      85
      94
      84
     102
     103
     104
      99
     131
     134
     128
     154
     167
     168
     199
     188
     253
     267
     262
     330
     323
     353
     428
     395
     437
     522
     601
     636
     664
     747
     782
     882
     952
    1016
    1033
    1170
    1265
    1340
    1480
    1483
    1613
    1783
    1821
    1869
    1935
    2010
    2159
    2125
    2317
    2400
    2421
    2441
    2491
    2505
    2488
    2476
    2584
    2540
    2552
    2512
    2425
    2503
    2352
    2337
    2261
    2260
    2052
    2046
    1905
    1865
    1808
    1743
    1547
    1537
    1448
    1441
    1289
    1137
    1100
    1069
     914
     828
     775
     726
     673
     631
     573
     542
     442
     387
     344
     298
     293
     272
     238
     198
     168
     170
     165
     138
     107
      94
      82
      67
      56
      67
      43
      50
      26
      38
      19
      31
      22
      17
      12
      10
      12
      20
      13
       6
      12
       7
       7
      12
       4
       5
       9
       7
       5
       6
       7
       3
       4
       3
       8
       6
       7
       4
       3
       5
      10
       5
       5
       5
       2
       4
       6
       8
       3
       8
       8
       6
       4
       2
       6
       1
       3
       7
       3
      10
       7
       7
       3
       6
       3
       1
       2
       3
       3
       6
       4
       7
       3
       6
       2
       3
       3
       4
       6
       2
       6
       1
       5
       4
       5
       3
       4
       1
       4
       7
       3
       4
      10
      10
       6
       5
       6
       5
       4
       3
       3
       8
       3
       5
       2
       1
       5
       7
       3
       2
       5
       5
       6
       4
       2
       0
       4
       4
       6
       4
       2
       3
       1
       4
       5
       5
       3
       6
       4
       2
       3
       0
       6
       3
       3
       3
       4
       3
       4
       2
       4
       2
       2
       9
       3
       4
       0
       3
       9
       2
       2
       2
       4
       3
       3
       3
       1
       3
       7
       5
       5
       3
       5
      10
       1
       4
       4
       4
       3
       6
       6
       1
       0
       2
       2
       7
       3
       6
       5
       4
       3
       4
       2
       1
       6
       4
       3
       3
       1
       1
       8
       2
       3
       6
       5
       3
       6
       4
       5
       2
       3
       5
       1
       5
       3
       6
       4
       3
       5
       7
       3
       5
       0
       2
       3
       1
       0
       2
       3
       2
       6
       4
       2
       2
       3
       2
       4
       6
       4
       0
       1
       0
       3
       2
       1
       3
       2
       4
       1
       2
       3
       2
       4
       3
       5
       0
       1
       0
       3
       3
       3
       5
       3
       4
       4
       5
       1
       4
       1
       3
       1
       2
       3
       3
       4
       2
       2
       4
       4
       1
       1
       1
      10
       5
       3
       1
       4
       6
       0
       4
       3
       5
       2
       2
       0
       2
       1
       1
       2
       1
       1
       1
       5
       4
       4
       4
       4
       1
       1
       2
       5
       4
       2
       4
       2
       2
       5
       4
       2
       3
       2
       3
       3
       0
       2
       3
       1
       2
       5
       2
       1
       1
       4
       0
       3
       1
       6
       1
       3
       3
       7
       2
       4
       4
       2
       2
       7
       3
       3
       8
       7
       3
       6
       3
       2
       5
       5
       6
       3
       3
       9
       5
       2
       5
       3
       4
       1
       8
       5
       3
       8
       5
       5
       2
       3
       2
       5
      10
       3
       4
       5
       3
       8
       5
       1
       6
       4
       7
       3
       2
       1
       6
       1
       7
       3
       5
       2
       1
       1
       2
       3
       1
       2
       0
       2
       5
       5
       1
       5
       3
       3
       1
       2
       3
       1
       0
       1
       1
       0
       2
       3
       1
       0
       3
       3
       0
       1
       0
       1
       0
       1
       2
       1
       0
       0
       1
       0
       1
       2
       1
       0
       0
       1
       0
       1
       0
       1
       0
       2
       0
       1
       0
       0
       0
       1
       2
       1
       1
       1
       0
       1
       1
       0
       0
       0
       1
       1
       0
       2
       2
       0
       4
       1
       0
       0
       0
       0
       0
       0
       0
       1
       0
       2
       1
       2
       0
       2
       1
       2
       2
       2
       1
       1
       1
       1
       0
       1
       2
       0
       1
       1
       1
       1
       0
       2
       0
       0
       0
       2
       0
       1
       0
       3
       3
       1
       3
       0
       0
       0
       0
       1
       1
       0
       2
       0
       2
       2
       1
       0
       2
       0
       3
       0
       1
       1
       0
       0
       1
       1
       2
       2
       1
       1
       2
       3
       0
       2
       1
       0
       0
       1
       1
       0
       0
       1
       1
       0
       1
       1
       0
       0
       1
       1
       0
       1
       0
       1
       0
       1
       1
       1
       1
       0
       0
       0
       1
       0
       0
       0
       1
       0
       0
       0
       0
       0
       0
       0
       0
       1
       1
       0
       0
       1
       0
       3
       2
       0
       2
       0
       1
       1
       0
       1
       0
       0
       0
       1
       0
       0
       0
       0
       0
       0
       0
       0
       1
       0
       0
       0
       1
       0
       0
       0
       0
       0
       1
       1
       0
       0
       1
       3
       0
       0
       1
       0
       0
       1
       0
       0
       1
       0
       0
       0
       0
       0
       2
       0
       0
       2
       0
       0
       0
       0
       1
       0
       0
       0
$ROI:
0
$PRESETS:
None
0
0
$ENER_FIT:
0.000000 2.191293
$MCA_CAL:
3
0.000000E+000 2.191293E+000 0.000000E+000 keV
$SHAPE_CAL:
3
1.167119E+001 0.000000E+000 0.000000E+000
