$SPEC_ID:
No sample description was entered.
$SPEC_REM:
DET# 2
DETDESC# SPACESCIENCE8 digiBASE-RH SN 15121449
AP# Maestro Version 7.01
$DATE_MEA:
10/02/2024 15:58:34
$MEAS_TIM:
149 150
$DATA:
0 1023
       0
       0
       0
       0
       0
       0
       0
       0
       0
       0
    1003
    3512
    3239
    3021
    3395
    4009
    4977
    6575
    8581
   10602
   13096
   15725
   18093
   20365
   22039
   22436
   22757
   21777
   20223
   18243
   15625
   12987
   10436
    8116
    6179
    4497
    3277
    2304
    1591
    1139
     860
     563
     420
     335
     244
     208
     217
     213
     205
     162
     148
     167
     149
     179
     170
     129
     118
     115
     140
     114
     114
     120
      99
     101
      93
     104
      90
      76
      93
      84
      87
      81
      80
      79
      87
      81
      75
      82
      70
      72
      74
      63
      79
      59
      65
      54
      59
      64
      62
      64
      68
      60
      71
      72
      48
      53
      57
      47
      56
      45
      64
      53
      47
      40
      48
      42
      48
      45
      48
      42
      35
      51
      55
      50
      37
      30
      50
      42
      44
      34
      47
      41
      38
      32
      38
      25
      32
      28
      44
      32
      43
      43
      34
      33
      27
      27
      32
      34
      25
      22
      28
      33
      40
      26
      28
      34
      31
      32
      23
      28
      18
      32
      18
      23
      27
      34
      23
      22
      18
      23
      21
      19
      25
      20
      28
      32
      30
      33
      22
      31
      29
      25
      19
      27
      21
      28
      19
      15
      16
      23
      13
      18
      24
      22
      20
      24
      13
      12
      25
      21
      16
      17
      10
      27
      16
      13
      10
      15
      15
      15
       9
      12
      10
      15
      13
      11
      15
      12
      26
       9
      13
      14
      17
      14
      12
      13
      17
       7
       5
      11
      15
      15
      12
       9
      15
      16
      20
      17
      11
       8
      13
       9
       9
       9
      18
      10
      12
      13
      13
       8
      11
      16
       9
      10
       9
      14
      20
      12
      17
      15
      13
      13
      14
      13
      11
      13
       6
      15
      14
       8
      11
       6
       7
      10
       7
       8
      10
      13
      10
      13
      15
      15
       9
       9
       8
      14
       6
       9
      13
      15
      10
      17
      14
      18
      13
      17
      25
      12
      13
      15
      11
      18
      18
      10
      11
      12
       9
      12
      18
      12
      13
      17
      13
      12
      20
      11
      13
       9
      18
      17
      20
      17
      23
      16
      14
      24
      21
      18
      13
      25
      12
      25
      21
      18
      15
      16
      19
      20
      19
      15
      13
      11
      22
      22
      12
      13
      11
       9
      14
       7
       8
      17
      14
      13
       7
      12
       6
      12
       9
       7
      14
       6
       6
      18
      11
       6
       7
       6
      13
       7
       7
       2
       7
       6
       6
       1
       6
      12
       9
       3
       6
       6
       6
       6
       4
       7
       5
       6
       5
       5
       6
       5
       2
       7
       2
       6
       2
       6
       2
       8
       2
       4
       8
       5
       5
       4
       4
       4
       3
       4
       2
       4
       5
       3
       3
       5
       8
       3
       2
       2
      10
       2
       2
       7
       2
       0
       1
       6
       4
       5
       8
       7
       3
       7
       6
       6
       6
       2
       0
       1
       7
       1
       2
       3
       4
       4
       3
       3
       3
       4
       2
       5
       2
       2
       6
       6
       3
       6
       3
       1
       3
       3
       5
       9
       2
       1
       5
       4
       3
       4
       6
       4
       7
       4
       1
       4
       6
       3
       2
       6
       1
       3
       3
       3
       5
       2
       5
       2
       3
       4
       4
       6
       1
       2
       6
       1
       3
       0
       2
       4
       2
       6
       2
       2
       0
       1
       1
       2
       0
       5
       5
       3
       3
       0
       2
       4
       1
       4
       2
       2
       3
       3
       1
       1
       4
       3
       5
       2
       2
       2
       2
       6
       2
       2
       2
       5
       4
       1
       4
       1
       4
       1
       1
       1
       0
       4
       2
       3
       3
       3
       3
       0
       1
       5
       2
       4
       6
       1
       2
       3
       1
       1
       6
       6
       6
       4
       4
       1
       2
       2
       2
       5
       2
       3
       1
       5
       0
       0
       4
       1
       2
       1
       2
       2
       4
       6
       2
       2
       2
       1
       2
       4
       1
       0
       2
       1
       2
       2
       1
       4
       2
       2
       2
       1
       3
       2
       4
       4
       5
       3
       1
       6
       2
       1
       2
       3
       1
       1
       0
       3
       0
       1
       4
       1
       1
       0
       3
       5
       1
       1
       0
       3
       2
       2
       1
       0
       0
       2
       1
       2
       1
       1
       3
       1
       1
       1
       3
       1
       1
       0
       2
       2
       2
       1
       1
       1
       1
       3
       3
       4
       3
       0
       3
       1
       1
       2
       2
       0
       4
       4
       1
       1
       3
       0
       3
       1
       0
       3
       0
       2
       1
       1
       2
       4
       0
       3
       1
       4
       3
       3
       2
       2
       3
       3
       4
       3
       3
       6
       3
       3
       2
       1
       5
       1
       4
       1
       2
       4
       1
       5
       7
       5
       3
       1
       5
       6
       5
       3
       2
       5
       2
       6
       6
       8
       3
       4
       6
       3
       9
       6
       3
       4
       5
       3
       5
       3
       6
       7
       5
       4
       7
       2
       1
       2
       6
       6
       4
       3
       3
       3
       5
       3
       1
       4
       1
       4
       4
       2
       3
       1
       3
       2
       3
       0
       2
       4
       1
       1
       4
       0
       2
       3
       3
       0
       0
       3
       2
       4
       1
       1
       4
       0
       1
       0
       1
       1
       0
       3
       0
       0
       0
       1
       0
       0
       0
       1
       3
       1
       0
       1
       0
       0
       1
       0
       1
       0
       1
       2
       0
       0
       0
       0
       0
       0
       3
       0
       3
       1
       0
       1
       0
       1
       0
       0
       0
       0
       1
       2
       0
       0
       2
       1
       0
       1
       0
       0
       1
       1
       1
       1
       0
       0
       1
       0
       2
       2
       0
       1
       1
       1
       0
       3
       2
       0
       3
       2
       0
       0
       1
       0
       0
       0
       1
       0
       1
       0
       0
       0
       0
       0
       2
       2
       1
       1
       1
       1
       1
       2
       1
       1
       2
       0
       0
       0
       1
       1
       0
       0
       0
       2
       2
       2
       0
       0
       1
       0
       0
       1
       1
       0
       0
       2
       0
       1
       0
       1
       1
       0
       2
       0
       1
       0
       0
       3
       0
       1
       0
       0
       0
       1
       1
       1
       2
       0
       1
       0
       0
       0
       0
       1
       0
       1
       0
       0
       0
       3
       0
       2
       0
       1
       0
       0
       0
       0
       0
       0
       0
       0
       2
       0
       0
       0
       0
       0
       0
       0
       0
       1
       1
       0
       2
       0
       0
       0
       0
       0
       0
       1
       2
       0
       0
       0
       1
       0
       0
       0
       0
       0
       1
       0
       0
       0
       0
       0
       0
       1
       0
       0
       0
       0
       1
       0
       0
       0
       0
       0
       0
       0
       0
       0
       1
       0
       1
       0
       0
       0
       0
       0
       2
       1
       0
       0
       0
       0
       0
       0
       0
       0
       0
       1
       0
       1
       0
       0
       0
       0
       0
       1
       0
       0
       1
       0
       0
       0
$ROI:
0
$PRESETS:
None
0
0
$ENER_FIT:
0.000000 2.191293
$MCA_CAL:
3
0.000000E+000 2.191293E+000 0.000000E+000 keV
$SHAPE_CAL:
3
1.167119E+001 0.000000E+000 0.000000E+000
