$SPEC_ID:
No sample description was entered.
$SPEC_REM:
DET# 2
DETDESC# SPACESCIENCE8 digiBASE-RH SN 15121449
AP# Maestro Version 7.01
$DATE_MEA:
10/02/2024 15:55:39
$MEAS_TIM:
149 150
$DATA:
0 1023
       0
       0
       0
       0
       0
       0
       0
       0
       0
       0
    1045
    3481
    3089
    2939
    3119
    3739
    4601
    6088
    7699
    9640
   12125
   14332
   16699
   18568
   20044
   20761
   20662
   19771
   18289
   16571
   14172
   12037
    9711
    7578
    5851
    4299
    3101
    2227
    1557
    1119
     699
     532
     404
     308
     235
     216
     205
     175
     175
     171
     141
     146
     134
     141
     132
     153
     140
     132
     129
     102
     102
      87
      98
      90
     105
      99
      96
      90
      94
      88
      80
      83
      68
      62
      94
      72
      82
      79
      78
      70
      63
      62
      61
      57
      48
      50
      67
      49
      69
      77
      72
      55
      59
      55
      60
      64
      45
      44
      67
      64
      55
      44
      40
      42
      56
      33
      52
      51
      58
      51
      53
      46
      50
      48
      44
      42
      47
      58
      48
      42
      45
      49
      38
      39
      30
      37
      30
      32
      45
      38
      32
      42
      33
      31
      26
      35
      33
      43
      40
      39
      27
      38
      36
      39
      34
      27
      25
      30
      23
      33
      26
      33
      31
      24
      34
      27
      22
      16
      27
      26
      26
      20
      18
      13
      24
      25
      19
      29
      29
      19
      22
      19
      20
      22
      20
      22
      26
      18
      24
      21
      18
      14
      19
      18
      15
      13
      21
      17
      15
      14
      24
      21
      15
      15
      16
      17
      16
      15
      15
      14
      15
       9
      19
      14
      18
      10
      13
      16
      16
      12
      15
      11
      17
      14
      11
      10
      12
      23
      16
      18
      15
      10
      16
       6
      10
      10
       9
      16
      15
      16
      13
      14
      12
      12
      13
      14
      15
      10
      14
       7
      14
      10
       7
      10
      10
       9
      14
      10
       8
      11
       8
      11
      11
      14
      10
      12
      13
      14
      11
      11
      10
       7
      12
       9
       7
      15
      15
      11
       9
      12
       9
      18
       4
      16
       9
      14
       6
       7
      18
      11
      11
       9
      15
       6
       4
      13
      19
      14
      11
      11
      13
      12
      19
      20
      13
       9
      12
      12
       7
       7
      13
      19
      16
      21
      17
      13
      24
      16
      17
      19
      11
      16
      16
      18
      23
      14
      15
      27
      24
      23
      17
      21
      21
      24
      11
      16
      13
      13
      17
       9
      12
      17
      17
      10
      14
      12
      15
      25
      11
      18
      16
      12
      13
      11
       6
       7
       7
      10
      12
       8
       9
       5
      12
       8
       4
      10
       9
       7
       7
       7
       7
      10
       6
       7
       5
       5
       3
       4
       3
       5
       6
       3
       4
      11
       3
       6
       1
       4
       5
       4
       4
       5
       8
       3
       5
       2
       6
       5
       5
       4
       7
       6
       4
       3
       4
       5
       2
       6
       6
       3
       7
       9
       4
       6
       2
       7
       4
       3
       4
       4
       4
       5
       1
       3
       7
       5
       5
       3
       2
       1
       6
       2
       3
       3
       4
       6
       3
       7
       5
       2
       4
       5
       5
       6
       5
       5
       6
       2
       8
       4
       5
       5
       8
       4
       7
       3
       6
       7
       2
       4
       5
       9
       6
       2
       5
       7
       5
       3
       4
       5
       2
       3
       4
       6
       2
       3
       2
       3
       1
       2
       6
       0
       2
      10
       3
       2
       1
       3
       3
       2
       4
       1
       3
       0
       4
       3
       3
       0
       2
       4
       4
       2
       2
       0
       4
       1
       3
       4
       3
       2
       2
       2
       3
       4
       3
       7
       3
       5
       4
       5
       3
       1
       1
       3
       4
       1
       4
       1
       2
       0
       2
       4
       1
       1
       2
       3
       4
       4
       3
       2
       3
       1
       4
       4
       1
       4
       2
       3
       5
       0
       3
       1
       2
       2
       2
       3
       2
       5
       2
       3
       1
       2
       4
       2
       2
       1
       5
       2
       1
       3
       3
       0
       1
       0
       0
       3
       4
       0
       3
       3
       3
       5
       1
       3
       0
       2
       0
       2
       2
       2
       1
       1
       2
       6
       0
       2
       2
       1
       1
       1
       1
       0
       1
       1
       2
       3
       5
       1
       0
       1
       2
       2
       1
       0
       2
       1
       0
       1
       0
       1
       1
       0
       0
       1
       1
       0
       2
       3
       4
       2
       1
       1
       2
       0
       5
       1
       2
       1
       1
       3
       4
       1
       0
       1
       1
       2
       0
       2
       2
       1
       4
       2
       1
       1
       1
       2
       0
       2
       2
       3
       2
       1
       1
       4
       2
       0
       2
       4
       2
       1
       1
       0
       3
       1
       1
       3
       4
       0
       4
       2
       0
       2
       4
       0
       2
       1
       7
       4
       5
       6
       5
       3
       3
       4
       1
       0
       5
       3
       5
       4
       5
       4
       5
       3
       4
       4
       2
       4
       1
       3
       3
       2
       8
       8
       9
       4
       4
       4
       6
       6
       5
       3
       7
       4
       1
       3
       5
       1
       4
       2
       5
       2
       5
       5
       3
       9
       3
       3
       5
       5
       6
       4
       4
       5
       4
       1
       6
       1
       3
       8
       3
       2
       1
       3
       2
       4
       2
       6
       3
       4
       3
       3
       1
       1
       2
       1
       1
       0
       3
       3
       0
       2
       0
       0
       0
       4
       1
       0
       0
       1
       2
       4
       2
       0
       0
       1
       1
       2
       1
       0
       2
       1
       2
       1
       1
       0
       0
       1
       0
       0
       1
       2
       1
       1
       1
       1
       1
       0
       0
       1
       0
       1
       1
       0
       0
       0
       1
       0
       0
       3
       0
       2
       0
       0
       0
       1
       0
       0
       1
       1
       1
       0
       0
       0
       4
       1
       0
       1
       1
       1
       3
       1
       0
       0
       1
       1
       3
       1
       0
       2
       0
       1
       0
       1
       1
       0
       0
       1
       2
       0
       1
       2
       0
       1
       0
       1
       4
       1
       1
       1
       3
       4
       1
       0
       1
       1
       0
       0
       3
       1
       2
       0
       0
       0
       3
       1
       0
       3
       2
       1
       1
       1
       1
       1
       1
       0
       2
       2
       0
       0
       0
       1
       1
       1
       0
       2
       1
       0
       0
       0
       1
       0
       0
       1
       1
       3
       1
       4
       0
       0
       1
       0
       0
       0
       0
       0
       1
       1
       0
       0
       2
       0
       0
       1
       0
       0
       0
       2
       0
       0
       0
       0
       0
       0
       1
       2
       1
       0
       0
       2
       0
       0
       0
       0
       0
       0
       0
       0
       0
       0
       0
       1
       1
       0
       1
       0
       0
       0
       0
       0
       0
       0
       0
       0
       0
       0
       0
       0
       0
       0
       0
       0
       0
       1
       0
       0
       0
       0
       1
       0
       0
       2
       0
       0
       1
       0
       0
       0
       0
       0
       0
       1
       0
       0
       1
       0
       0
       2
       0
       0
       0
       0
       0
       0
       0
       0
       0
       0
       0
       0
       0
       0
       1
       0
       0
       1
       1
       0
       0
       0
       1
       0
       0
       0
$ROI:
0
$PRESETS:
None
0
0
$ENER_FIT:
0.000000 2.191293
$MCA_CAL:
3
0.000000E+000 2.191293E+000 0.000000E+000 keV
$SHAPE_CAL:
3
1.167119E+001 0.000000E+000 0.000000E+000
