$SPEC_ID:
No sample description was entered.
$SPEC_REM:
DET# 2
DETDESC# SPACESCIENCE8 digiBASE-RH SN 15121449
AP# Maestro Version 7.01
$DATE_MEA:
10/02/2024 15:46:45
$MEAS_TIM:
149 150
$DATA:
0 1023
       0
       0
       0
       0
       0
       0
       0
       0
       0
       0
    1021
    3383
    2924
    2651
    2678
    3103
    3675
    4687
    6000
    7709
    9351
   11164
   12814
   14377
   15418
   15967
   16067
   15765
   14584
   13046
   11436
    9592
    7703
    6134
    4610
    3478
    2607
    1833
    1244
     938
     646
     459
     334
     290
     249
     185
     155
     158
     158
     149
     138
     143
     142
     122
     105
     128
     136
     112
     111
     107
     108
      88
     108
      82
      79
     102
      99
      79
      82
      70
      75
      75
      76
      81
      81
      74
      70
      60
      69
      80
      69
      57
      54
      68
      72
      43
      68
      58
      55
      59
      77
      63
      67
      59
      53
      55
      52
      56
      59
      42
      44
      55
      48
      46
      44
      57
      49
      50
      54
      37
      36
      30
      48
      40
      38
      43
      37
      27
      43
      39
      41
      45
      41
      37
      39
      34
      31
      35
      39
      36
      30
      28
      35
      31
      39
      23
      23
      32
      50
      31
      30
      36
      20
      30
      33
      38
      29
      30
      27
      28
      25
      22
      15
      28
      18
      25
      25
      29
      29
      24
      29
      21
      27
      19
      22
      20
      20
      23
      18
      27
      28
      22
      24
      22
      15
      24
      19
      32
      20
      16
      16
      13
      20
      18
      13
      18
      17
      19
      18
       8
      26
      12
      21
      23
      16
      16
      16
      14
      19
      16
      23
      13
      11
      11
      13
      11
      13
      17
      18
      13
      21
      16
      13
      14
      13
      18
      12
      10
      13
      17
      18
      21
      16
      14
      17
       5
      14
       9
      20
      15
      13
      14
      16
       9
      13
      10
      12
      18
       4
       6
       7
       8
      13
      11
      10
      18
      17
       6
       9
      13
      13
       6
      11
       7
       9
       9
      12
      14
       2
       6
      13
       7
      11
      13
       7
      12
      10
       9
       8
      15
       7
       8
       7
      21
      15
       7
      11
      14
      16
      11
       6
      16
      10
       8
      12
      13
      14
      11
      13
      18
      23
      16
      12
      11
      11
      13
       7
      20
      13
      15
      15
      12
      15
      12
      18
      17
      12
      14
      14
      20
      17
      22
      18
      28
      24
      22
      15
      20
      22
      23
      28
      14
      20
      21
      21
      14
      21
      20
      11
      17
      14
      14
      18
      18
      16
      15
       9
      15
      12
      10
      13
      11
       6
       8
      11
       9
       8
      13
       8
       6
       7
       4
       8
       4
       4
       8
       7
       7
       9
       8
       6
       6
       7
       4
       5
      10
       4
       4
       4
       3
       7
       6
       4
       7
       5
       4
       6
       7
       5
       6
       6
       4
       4
       3
       4
       5
       2
       4
       8
       6
       4
       7
       2
       5
       9
       7
       4
       2
       1
       3
       2
       5
       5
       3
       4
       6
       5
      12
       4
       8
       3
       0
       2
       3
       5
       3
       4
       3
       3
       2
       2
       5
      13
       2
       5
       7
       2
       2
       5
       5
       6
       3
       5
       4
       6
       4
       4
       5
       6
       7
       2
       7
       3
       4
       6
       2
       5
       3
       2
       3
       2
       5
       0
       5
       2
       5
       5
       3
       3
       3
       2
       4
       4
       4
       3
       2
       2
       6
       6
       4
       2
       4
       2
       4
       2
       8
       4
       5
       3
       6
       9
       3
       5
       2
       2
       1
       3
       3
       1
       2
       3
       0
       2
       5
       2
       1
       3
       4
       2
       2
       6
       4
       1
       1
       3
       3
       5
       2
       5
       3
       3
       3
       3
       2
       4
       3
       0
       4
       3
       6
       5
       1
       4
       3
       3
       1
       0
       1
       0
       2
       3
       2
       3
       2
       1
       2
       3
       3
       1
       4
       3
       2
       6
       1
       4
       3
       2
       2
       3
       5
       2
       2
       3
       0
       4
       7
       1
       1
       3
       2
       2
       3
       6
       0
       1
       4
       2
       2
       3
       2
       1
       1
       1
       6
       3
       3
       1
       3
       3
       0
       3
       1
       0
       2
       2
       1
       5
       4
       2
       3
       0
       1
       4
       2
       5
       3
       3
       1
       3
       3
       1
       2
       1
       1
       1
       4
       1
       2
       2
       0
       2
       2
       2
       0
       0
       2
       3
       1
       5
       1
       1
       3
       4
       2
       0
       1
       0
       2
       2
       0
       2
       2
       4
       0
       0
       0
       1
       1
       0
       2
       0
       0
       0
       1
       1
       1
       3
       0
       2
       1
       3
       5
       3
       0
       1
       0
       2
       2
       3
       3
       0
       1
       2
       3
       1
       3
       4
       4
       1
       1
       1
       1
       2
       2
       5
       2
       1
       0
       4
       2
       0
       3
       4
       2
       1
       1
       1
       3
       4
       2
       3
       0
       3
       4
       5
       3
       2
       4
       5
       1
       3
       2
       6
       3
       3
       4
       2
       1
      10
       7
       8
       4
       4
       5
       0
       3
       3
       3
       6
       6
       5
       1
       3
       3
       1
       8
       5
       6
       5
       2
       2
       7
       3
       5
       3
       1
       4
       1
       7
       3
       7
       5
       5
       2
       1
       1
       5
       5
       5
       1
       6
       4
       3
       3
       0
       2
       2
       1
       1
       4
       2
       0
       2
       7
       1
       5
       3
       0
       1
       1
       0
       4
       2
       1
       4
       0
       0
       0
       0
       1
       0
       2
       2
       0
       1
       0
       1
       1
       0
       0
       0
       0
       1
       0
       0
       2
       1
       0
       3
       1
       0
       2
       1
       1
       2
       0
       1
       0
       1
       0
       0
       0
       0
       2
       0
       0
       0
       0
       0
       0
       1
       1
       1
       4
       0
       0
       1
       0
       0
       3
       2
       2
       1
       1
       1
       1
       2
       2
       1
       0
       0
       0
       2
       2
       2
       2
       1
       0
       0
       2
       1
       2
       0
       1
       1
       0
       2
       0
       2
       0
       1
       1
       0
       1
       1
       2
       0
       2
       1
       1
       0
       1
       2
       2
       1
       0
       1
       1
       3
       2
       3
       0
       0
       1
       2
       1
       0
       1
       0
       0
       0
       2
       1
       2
       1
       0
       0
       6
       1
       0
       0
       3
       1
       2
       1
       0
       2
       0
       1
       0
       1
       2
       2
       0
       2
       0
       1
       0
       1
       0
       0
       1
       0
       0
       0
       1
       0
       0
       0
       0
       1
       0
       1
       2
       1
       0
       0
       0
       1
       0
       1
       0
       0
       0
       0
       0
       0
       1
       0
       0
       0
       3
       0
       0
       0
       0
       0
       0
       1
       0
       0
       0
       0
       0
       0
       1
       0
       0
       0
       0
       0
       0
       0
       0
       0
       1
       0
       0
       0
       0
       0
       1
       0
       0
       1
       0
       0
       0
       0
       0
       0
       0
       0
       0
       0
       0
       0
       0
       0
       0
       2
       0
       0
       0
       0
       0
       0
       2
       0
       0
       1
       0
       0
       0
       0
       0
       0
       0
       0
       0
       1
       1
       0
       0
$ROI:
0
$PRESETS:
None
0
0
$ENER_FIT:
0.000000 2.191293
$MCA_CAL:
3
0.000000E+000 2.191293E+000 0.000000E+000 keV
$SHAPE_CAL:
3
1.167119E+001 0.000000E+000 0.000000E+000
