$SPEC_ID:
No sample description was entered.
$SPEC_REM:
DET# 2
DETDESC# SPACESCIENCE8 digiBASE-RH SN 15121449
AP# Maestro Version 7.01
$DATE_MEA:
10/02/2024 16:17:35
$MEAS_TIM:
600 600
$DATA:
0 1023
       0
       0
       0
       0
       0
       0
       0
       0
       0
       0
      39
     160
     163
     160
     169
     207
     193
     234
     225
     249
     290
     290
     306
     351
     373
     405
     415
     427
     504
     490
     513
     519
     480
     502
     574
     546
     576
     574
     557
     552
     542
     544
     523
     504
     523
     480
     478
     473
     440
     441
     416
     365
     422
     392
     365
     406
     353
     387
     362
     378
     361
     343
     337
     354
     343
     302
     309
     302
     340
     338
     303
     284
     295
     275
     326
     293
     293
     273
     272
     260
     234
     252
     290
     239
     230
     248
     233
     251
     264
     214
     220
     199
     234
     227
     205
     210
     205
     206
     222
     207
     198
     202
     179
     179
     178
     188
     208
     171
     192
     170
     199
     188
     156
     170
     180
     170
     157
     145
     162
     128
     140
     163
     139
     151
     166
     144
     159
     120
     136
     107
     136
     126
     129
     118
     112
     139
     139
     120
     136
     112
      95
     112
     118
     113
     122
     100
     104
      92
      92
     118
      90
     124
     108
     104
     105
      87
     106
      89
      89
      82
      94
      99
      98
      75
      86
      90
     102
      80
      92
      88
      85
      86
      79
      74
      91
      90
      83
      82
      71
      76
      75
      62
      77
      61
      68
      61
      78
      66
      59
      70
      52
      59
      42
      46
      68
      69
      42
      47
      73
      48
      50
      52
      55
      54
      52
      51
      53
      57
      45
      43
      50
      57
      57
      47
      51
      42
      51
      44
      40
      52
      55
      40
      40
      53
      46
      40
      46
      44
      55
      38
      38
      52
      39
      53
      29
      39
      40
      43
      48
      46
      45
      44
      34
      55
      34
      57
      55
      41
      38
      38
      55
      38
      40
      43
      41
      51
      43
      27
      45
      30
      33
      37
      33
      35
      38
      46
      40
      28
      41
      48
      41
      36
      38
      42
      45
      43
      36
      35
      40
      37
      44
      37
      32
      31
      40
      52
      42
      49
      41
      40
      47
      44
      32
      43
      47
      53
      35
      45
      43
      40
      26
      34
      37
      44
      40
      49
      42
      32
      34
      30
      34
      40
      37
      42
      54
      33
      39
      25
      32
      40
      30
      42
      36
      32
      51
      30
      30
      44
      36
      38
      34
      29
      26
      35
      12
      24
      24
      25
      27
      20
      25
      27
      14
      26
      24
      24
      23
      23
      19
      17
      25
      22
      13
      21
      17
      16
      21
      27
      17
      20
      24
      24
      18
      16
      21
      19
      22
      10
      23
      23
      20
      21
      24
      17
      19
      19
      10
      17
      20
      23
      15
      16
      17
      15
      24
      17
      20
      14
      13
      18
      18
      20
      14
       8
      18
      12
      19
      14
      18
      13
      19
      13
      13
      20
      12
      10
      17
      10
      19
      14
      16
      12
      19
      13
      16
      16
      15
      10
      13
      13
      20
      12
      18
      13
      11
      16
      20
      12
      10
      16
      12
      19
      15
      12
      16
      17
      21
      17
       9
      13
      12
      16
      16
      15
      15
      14
      17
      17
      15
      18
      19
      12
      17
      14
      12
      15
      17
      11
      21
      16
      16
      18
      18
      22
      18
      19
      20
      10
      13
      12
      19
      15
      12
      19
      11
      18
      23
      14
      15
       7
      14
      11
      19
      14
       6
      11
       7
       5
       6
      13
      13
      15
      12
      10
      16
      10
      15
      13
      10
      11
      15
      11
       9
       8
      14
       6
      12
      14
      12
      10
      13
      12
      12
      14
       9
      10
      12
       2
       7
      12
       8
      12
       6
       4
      12
      10
       8
      12
       8
      14
       8
       7
       6
       9
      12
      16
      10
      12
      14
      15
      11
      13
       9
      12
      10
       8
      14
      13
       6
      10
       9
       7
      12
      11
      12
       7
       9
      11
      10
      14
       7
      18
       7
       6
      12
      17
       5
      11
      11
      12
      10
      14
       9
      12
      11
       6
       5
       8
      10
       7
       6
       5
      14
       6
       9
      14
       8
       7
      13
      13
       8
       8
       6
       1
       5
       9
       7
       4
      10
       2
       7
       8
       5
       4
       7
       7
       9
       4
       5
       7
       4
       9
       6
       8
       8
       4
       8
       9
       5
       8
       5
       3
       3
       2
       5
       7
       9
       6
       8
       6
       4
       7
       6
      12
      10
       2
       1
       6
       5
      10
       6
       4
       6
       4
      10
       8
       4
       8
       3
       7
       4
       1
       9
       9
       5
       3
       6
       6
       7
       3
       8
       9
       7
       4
       9
       5
      10
       3
       7
      14
       2
       4
       7
       2
       4
       7
      10
       4
       8
       5
       9
       8
       9
      12
       7
      15
       9
      12
       8
       7
      12
      13
      16
       8
      13
      14
       9
      11
      11
      20
      15
      12
      16
      17
      19
      21
      11
      15
      21
      18
      18
      13
      17
      14
      14
      15
      11
      17
      15
      10
      15
      11
      13
      21
      24
      23
      13
      26
      14
      29
      17
      15
      19
      16
      21
      18
      13
      18
      25
      17
      13
      16
      17
      20
      20
       9
      20
      20
      15
       6
      10
       5
      14
      10
      11
      15
      15
      10
      11
       7
       9
       5
      13
       5
      11
       7
       9
       8
       2
      11
       7
       7
       4
       8
       5
       3
       8
       4
       2
       4
       7
       8
       3
       2
       7
       1
       5
       4
       7
       3
       3
       4
       1
       3
       2
       1
       2
       7
       2
       0
       4
       3
       5
       6
       3
       2
       2
       1
       4
       6
       3
       6
       1
       2
       2
       2
       4
       1
       2
       4
       4
       2
       2
       5
       5
       3
       2
       3
       2
       1
       7
       5
       3
       3
       3
       1
       2
       3
       3
       3
       1
       1
       2
       5
       6
       1
       1
       5
       5
       7
       8
       2
       2
       3
       9
       4
       0
       3
       5
       2
       3
       4
       4
       7
       2
       4
       3
       0
       1
       2
       6
       5
       6
       9
       8
       3
       3
       2
       1
       4
       4
       3
       2
      11
       8
       4
       3
       4
       4
       3
       5
       5
       2
       2
       1
       4
       1
       5
       3
       2
       5
       5
       5
       4
       3
       2
       0
       2
       1
       4
       2
       3
       1
       0
       5
       5
       6
       3
       1
       1
       2
       1
       3
       2
       1
       1
       0
       2
       2
       3
       1
       0
       4
       0
       4
       3
       4
       0
       1
       2
       0
       3
       2
       1
       3
       3
       1
       0
       1
       1
       2
       2
       2
       2
       0
       0
       0
       2
       1
       0
       0
       1
       3
       1
       1
       0
       1
       1
       1
       2
       0
       1
       1
       0
       1
       1
       1
       0
       2
       0
       0
       0
       1
       0
       2
       1
       1
       1
       0
       3
       2
       3
       1
       1
       2
       0
       1
       3
       2
       0
       2
       2
       1
       1
       1
       1
       1
       1
       1
       1
       1
       0
       1
       2
       0
       1
       0
       0
       1
       0
       1
       1
       2
       0
$ROI:
0
$PRESETS:
None
0
0
$ENER_FIT:
0.000000 2.191293
$MCA_CAL:
3
0.000000E+000 2.191293E+000 0.000000E+000 keV
$SHAPE_CAL:
3
1.167119E+001 0.000000E+000 0.000000E+000
