$SPEC_ID:
No sample description was entered.
$SPEC_REM:
DET# 2
DETDESC# SPACESCIENCE8 digiBASE-RH SN 15121449
AP# Maestro Version 7.01
$DATE_MEA:
10/02/2024 16:04:08
$MEAS_TIM:
149 151
$DATA:
0 1023
       0
       0
       0
       0
       0
       0
       0
       0
       0
       0
    1333
    4222
    3825
    3526
    3664
    4299
    5404
    7186
    9544
   11832
   14747
   17686
   19986
   22245
   24117
   24664
   24619
   23431
   21469
   18923
   16267
   13480
   10843
    8270
    6264
    4652
    3306
    2344
    1709
    1084
     763
     572
     425
     333
     269
     262
     223
     191
     193
     170
     190
     155
     145
     131
     140
     131
     128
     121
     112
     101
     119
     126
     106
     103
     112
      84
     102
      95
      83
      98
      93
      79
      64
      81
      72
      84
      84
      82
      74
      73
      62
      71
      70
      67
      88
      61
      62
      62
      59
      54
      65
      72
      61
      61
      51
      57
      61
      68
      56
      72
      72
      55
      56
      48
      50
      44
      43
      52
      47
      63
      41
      54
      35
      35
      44
      40
      27
      41
      38
      44
      39
      40
      51
      29
      34
      46
      38
      32
      29
      35
      36
      43
      33
      38
      28
      34
      35
      18
      28
      31
      35
      22
      33
      33
      24
      21
      34
      21
      24
      21
      36
      30
      24
      25
      29
      30
      20
      31
      33
      21
      25
      18
      19
      21
      20
      17
      29
      30
      18
      26
      21
      25
      18
      14
      18
      18
      13
      31
      21
      24
      25
      19
      15
      16
      24
      19
      11
      16
      16
      22
       9
      17
      19
      18
      12
      18
      13
      17
      16
      12
      16
      17
      10
      15
      13
      11
      13
      14
      11
      13
      21
      13
      12
      17
      20
      20
      17
      11
       8
      13
      17
      11
      12
      11
      15
      14
      10
      10
      16
       9
      13
      13
      10
      13
       8
      16
       5
      15
      12
      10
      13
      13
      13
      12
      10
       8
      10
       7
      12
      10
      19
      14
      13
      12
      13
      10
       5
      13
      15
      12
      10
      16
      11
      10
      20
      11
      11
      11
      11
      10
      10
      11
       5
      13
      16
       9
      10
       5
      13
      21
       7
      15
      16
      10
      11
      20
      12
      11
      10
       9
      17
       9
      10
      12
      30
       3
      20
       9
      10
      12
       9
      22
      14
      14
      23
      20
      18
      19
      17
      19
      18
      18
      15
      16
      19
      11
      16
      18
      18
      13
      18
      21
      23
      13
      19
      14
      13
      14
      26
      14
      16
      20
      16
      11
      12
      22
       8
      16
      16
      14
      10
      11
       7
      11
      10
      10
       5
       5
      10
      10
       3
       2
       4
       6
       7
      11
       3
       5
       6
      10
       3
       5
       6
       4
       1
       4
       4
       7
       5
       2
       3
       4
      11
       6
       9
       3
       5
       7
       2
       4
       4
       4
       3
       9
       1
       6
       1
       1
       6
       5
       5
       2
       2
       1
       4
       3
       3
       6
       3
       2
       4
       5
       7
       2
       3
       6
       2
       7
       4
       4
       3
       3
       4
       6
       3
       2
       8
       4
       4
       2
       3
       4
       3
       4
       6
       6
       6
       3
       5
       6
       3
       0
       7
      10
       5
       5
       2
       6
       1
       0
       1
       6
       1
       6
       9
       4
       1
       4
       4
       4
       6
       5
       4
       6
       4
       6
       2
       5
       5
       4
       5
       7
       4
       5
       3
       3
       6
       4
       2
       6
       3
       4
       1
       1
       1
       3
       4
       3
       1
       1
       3
       5
       2
       3
       4
       5
       2
       2
       5
       2
       1
       3
       3
       4
       2
       2
       2
       3
       4
       3
       4
       4
       4
       2
       3
       1
       4
       3
       3
       3
       3
       5
       4
       4
       2
       2
       3
       3
       2
       2
       1
       3
       2
       0
       0
       3
       4
       5
       2
       2
       2
       2
       1
       4
       6
       3
       6
       7
       2
       4
       2
       2
       0
       4
       2
       3
       3
       3
       3
       6
       4
       0
       5
       2
       4
       1
       1
       6
       3
       2
       2
       3
       2
       1
       3
       4
       1
       4
       5
       3
       1
       1
       3
       3
       2
       3
       2
       5
       2
       3
       2
       1
       2
       3
       0
       2
       3
       2
       6
       3
       2
       3
       2
       2
       3
       3
       5
       4
       3
       2
       2
       2
       1
       1
       0
       3
       4
       1
       1
       1
       2
       1
       2
       2
       3
       4
       1
       3
       1
       0
       3
       3
       1
       0
       1
       1
       0
       1
       1
       0
       0
       1
       1
       1
       1
       1
       1
       2
       0
       3
       0
       2
       2
       1
       3
       1
       2
       2
       1
       0
       2
       4
       2
       4
       3
       2
       4
       4
       4
       3
       2
       2
       0
       1
       1
       1
       3
       1
       0
       3
       2
       2
       2
       0
       1
       2
       1
       4
       1
       4
       2
       1
       2
       3
       3
       1
       3
       3
       0
       3
       2
       6
       5
       7
       0
       4
       3
       5
       3
       0
       8
       2
       8
       3
       8
       4
       5
       3
       4
       8
       7
       2
       1
       9
       6
       3
       6
       5
       2
       5
       6
       5
       8
       5
       6
       7
       4
       2
       7
       3
       4
       4
       1
       6
       5
       6
       4
       1
       3
       2
       3
       6
       3
      10
       7
       3
       4
       1
       0
       2
       3
       7
       1
       2
       2
       1
       2
       2
       5
       0
       1
       2
       2
       1
       4
       2
       0
       0
       1
       2
       0
       2
       3
       0
       1
       0
       1
       0
       0
       4
       1
       2
       2
       1
       1
       0
       1
       1
       1
       0
       2
       1
       1
       0
       1
       0
       1
       3
       0
       1
       0
       0
       0
       0
       0
       2
       0
       1
       0
       0
       0
       1
       0
       1
       1
       1
       1
       2
       1
       0
       1
       0
       0
       1
       1
       1
       0
       0
       1
       0
       1
       0
       0
       1
       0
       1
       1
       0
       1
       0
       1
       4
       0
       1
       0
       0
       1
       1
       3
       0
       3
       1
       0
       0
       0
       0
       2
       0
       0
       2
       0
       1
       0
       0
       0
       3
       0
       0
       0
       4
       0
       1
       1
       2
       1
       2
       1
       0
       0
       1
       0
       0
       0
       2
       2
       0
       1
       2
       1
       0
       0
       0
       3
       2
       0
       1
       0
       1
       3
       0
       2
       0
       0
       1
       0
       1
       1
       1
       1
       0
       2
       0
       2
       1
       0
       0
       2
       1
       0
       0
       2
       2
       0
       0
       0
       2
       1
       0
       1
       2
       0
       1
       1
       1
       0
       2
       1
       1
       0
       0
       1
       0
       1
       1
       1
       2
       0
       1
       1
       0
       0
       0
       0
       0
       1
       0
       0
       0
       0
       0
       0
       0
       1
       0
       0
       1
       0
       0
       0
       1
       0
       0
       0
       0
       0
       0
       0
       0
       0
       0
       0
       0
       0
       0
       0
       1
       0
       0
       0
       0
       1
       0
       1
       0
       0
       1
       0
       0
       1
       0
       0
       0
       0
       0
       1
       0
       0
       0
       0
       0
       1
       0
       0
       0
       1
       0
       1
       0
       0
       0
       2
       0
       0
       1
$ROI:
0
$PRESETS:
None
0
0
$ENER_FIT:
0.000000 2.191293
$MCA_CAL:
3
0.000000E+000 2.191293E+000 0.000000E+000 keV
$SHAPE_CAL:
3
1.167119E+001 0.000000E+000 0.000000E+000
