$SPEC_ID:
No sample description was entered.
$SPEC_REM:
DET# 2
DETDESC# SPACESCIENCE8 digiBASE-RH SN 15121449
AP# Maestro Version 7.01
$DATE_MEA:
10/02/2024 15:35:37
$MEAS_TIM:
600 600
$DATA:
0 1023
       0
       0
       0
       0
       0
       0
       0
       0
       0
       0
      53
     199
     228
     235
     197
     233
     256
     240
     259
     323
     316
     331
     382
     410
     407
     482
     452
     451
     522
     538
     570
     529
     581
     580
     617
     616
     607
     618
     639
     596
     586
     571
     562
     600
     556
     539
     555
     471
     477
     476
     437
     465
     410
     441
     406
     404
     426
     442
     378
     423
     375
     369
     373
     378
     374
     349
     394
     370
     362
     370
     330
     350
     354
     333
     314
     315
     314
     304
     301
     308
     269
     273
     275
     268
     273
     301
     274
     276
     280
     288
     254
     272
     250
     256
     240
     267
     253
     250
     218
     228
     247
     224
     225
     255
     229
     206
     231
     228
     215
     219
     218
     236
     198
     191
     197
     209
     196
     185
     199
     208
     189
     185
     210
     173
     188
     167
     159
     167
     180
     161
     189
     158
     161
     152
     144
     169
     153
     149
     160
     149
     143
     169
     132
     136
     126
     132
     140
     126
     137
     136
     140
     145
     119
     144
     133
     142
     105
     113
     137
     135
     118
     106
     127
     124
     125
     119
     127
      81
     114
     132
     116
     113
     135
     108
     103
      88
     102
      90
      95
     111
      80
     111
      99
      87
      87
      80
      97
      79
      81
      83
      75
      86
      85
      79
      88
      67
      75
      68
      74
      70
      71
      83
      59
      76
      86
      69
      72
      83
      62
      63
      66
      53
      79
      82
      48
      61
      70
      64
      64
      54
      58
      66
      71
      51
      71
      77
      53
      62
      55
      67
      62
      58
      54
      63
      49
      60
      60
      50
      71
      62
      55
      52
      43
      64
      53
      59
      60
      63
      48
      64
      43
      58
      70
      54
      56
      53
      52
      46
      55
      59
      63
      48
      45
      43
      56
      37
      51
      55
      54
      42
      59
      46
      52
      49
      56
      44
      47
      55
      61
      52
      54
      47
      47
      51
      53
      71
      47
      65
      48
      52
      60
      56
      64
      58
      57
      71
      64
      64
      50
      59
      65
      70
      56
      71
      82
      66
      75
      77
      67
      59
      85
      74
      56
      85
      76
      71
      86
      65
      80
      82
      91
     104
      84
      84
      77
      84
      80
      63
      65
      70
      82
      68
      62
      63
      56
      73
      58
      61
      56
      58
      62
      45
      50
      35
      47
      63
      59
      44
      34
      41
      39
      36
      52
      35
      38
      22
      34
      34
      28
      36
      33
      31
      40
      22
      35
      36
      19
      21
      26
      26
      20
      29
      22
      32
      28
      26
      31
      23
      16
      26
      25
      24
      28
      32
      29
      33
      18
      24
      30
      22
      29
      21
      26
      26
      22
      26
      15
      18
      27
      24
      25
      26
      21
      21
      20
      21
      23
      30
      28
      22
      21
      26
      26
      28
      22
      22
      28
      31
      30
      29
      24
      18
      21
      30
      21
      18
      26
      21
      13
      21
      16
      25
      34
      19
      35
      25
      19
      25
      25
      23
      25
      20
      33
      29
      22
      19
      16
      12
      30
      24
      21
      29
      18
      25
      23
      23
      25
      14
      18
      23
      29
      17
      28
      26
      22
      23
      19
      25
      21
      22
      16
      27
      22
      15
      24
      23
      21
      23
      33
      21
      15
      19
      21
      16
      20
      27
      19
      20
      24
      23
      20
      16
      27
      11
      24
       8
      20
      20
      21
       9
      14
      21
      17
      15
      19
      14
      13
      10
      13
      13
      23
      15
      22
      19
      10
      22
      13
       6
      19
      13
      13
      19
      15
      20
      26
      27
      14
      23
      22
      22
      20
      26
      21
      20
      26
      28
      24
      44
      28
      23
      32
      29
      28
      40
      30
      32
      24
      49
      33
      46
      42
      39
      46
      42
      67
      54
      39
      47
      57
      41
      48
      63
      64
      59
      66
      67
      56
      57
      70
      64
      63
      73
      67
      63
      66
      67
      61
      70
      72
      56
      65
      62
      91
      67
      49
      55
      68
      61
      61
      69
      47
      58
      76
      61
      49
      56
      50
      60
      52
      42
      55
      52
      64
      28
      47
      40
      46
      28
      48
      52
      44
      48
      37
      36
      32
      37
      28
      32
      41
      35
      48
      32
      39
      40
      33
      34
      33
      41
      36
      34
      41
      37
      41
      48
      47
      47
      42
      60
      48
      50
      36
      54
      43
      57
      52
      42
      56
      62
      46
      64
      64
      61
      67
      61
      60
      76
      55
      64
      49
      66
      60
      72
      60
      62
      70
      45
      55
      58
      54
      56
      52
      56
      43
      58
      41
      67
      32
      44
      47
      43
      46
      37
      50
      32
      44
      48
      43
      50
      33
      39
      36
      22
      34
      33
      33
      29
      23
      31
      29
      24
      26
      30
      24
      25
      29
      28
      27
      11
      16
      25
      25
      33
      21
      21
      20
      16
      23
      21
      19
      25
      21
      21
      17
      31
      22
      22
      30
      16
      14
      16
      18
      17
      18
      15
      17
      20
      16
      18
      13
      14
      10
      13
      20
      12
      11
      20
       9
      12
      14
      10
      12
      15
      16
      11
       8
      10
      10
       7
       4
       3
      11
       9
       4
       6
       6
       8
       3
       9
       6
       6
       2
       4
       6
       7
       5
       5
       3
       5
       3
       5
       6
       3
       1
       3
       6
       0
       5
       3
       1
       2
       9
       5
       2
       1
       3
       0
       6
       1
       5
       4
       4
       2
       2
       2
       1
       0
       4
       2
       2
       2
       1
       1
       4
       2
       3
       2
       4
       0
       1
       1
       0
       5
       2
       1
       5
       5
       1
       5
       1
       5
       3
       4
       2
       2
       1
       1
       5
       5
       1
       2
       3
       4
       3
       4
       4
       3
       4
       3
       5
       6
       6
       5
       5
       5
       4
       0
       1
       4
       6
       2
       4
       4
       2
       1
       2
       5
       2
       7
       3
       6
       2
       3
       3
       2
       5
       5
       2
       5
       2
       1
       7
       0
       8
       1
       1
       2
       2
       1
       3
       6
       2
       5
       4
       1
       4
       2
       2
       3
       1
       1
       5
       3
       2
       4
       1
       0
       4
       2
       1
       1
       3
       1
       5
       7
       9
       1
       2
       0
       3
       1
       4
       2
       0
       6
       1
       1
       3
       0
       3
       1
       1
       1
       5
       2
       0
       2
       0
       2
       2
       1
       1
       2
       1
       1
       1
       1
       2
       3
       0
       1
       0
       1
       0
       0
       0
       1
       2
       0
       1
       1
       2
       0
       1
       1
       2
       1
       2
       0
       1
       2
       2
       3
       1
       1
       1
       1
       0
       2
       1
       1
       1
       0
       1
       0
       1
       0
       1
       2
       1
       1
       2
       1
       3
       0
       1
       1
       0
       1
       0
       0
       1
       3
       0
       0
       2
       2
       0
       1
       2
       0
       0
       2
       1
       3
       2
       1
       2
       1
       0
       0
       1
       2
       1
       2
$ROI:
0
$PRESETS:
None
0
0
$ENER_FIT:
0.000000 2.191293
$MCA_CAL:
3
0.000000E+000 2.191293E+000 0.000000E+000 keV
$SHAPE_CAL:
3
1.167119E+001 0.000000E+000 0.000000E+000
