$SPEC_ID:
No sample description was entered.
$SPEC_REM:
DET# 2
DETDESC# SPACESCIENCE8 digiBASE-RH SN 15121449
AP# Maestro Version 7.01
$DATE_MEA:
10/02/2024 14:31:29
$MEAS_TIM:
149 150
$DATA:
0 1023
       0
       0
       0
       0
       0
       0
       0
       0
       0
       0
     461
    1654
    1895
    1937
    1926
    1697
    1534
    1266
    1099
     891
     772
     604
     562
     408
     402
     392
     381
     422
     377
     402
     437
     424
     391
     446
     469
     441
     452
     467
     445
     458
     491
     474
     485
     473
     466
     437
     481
     441
     487
     480
     424
     508
     499
     544
     499
     474
     502
     471
     485
     476
     492
     498
     471
     491
     492
     506
     514
     468
     514
     487
     500
     477
     543
     501
     531
     516
     518
     539
     508
     518
     527
     498
     576
     577
     564
     545
     571
     594
     585
     575
     629
     615
     637
     620
     622
     620
     677
     622
     637
     602
     614
     627
     656
     629
     593
     616
     601
     641
     613
     640
     618
     574
     529
     537
     565
     554
     552
     572
     564
     527
     573
     557
     557
     523
     531
     535
     516
     552
     527
     516
     486
     491
     489
     460
     478
     466
     462
     455
     462
     469
     464
     454
     453
     450
     459
     429
     444
     408
     425
     416
     418
     437
     425
     419
     386
     393
     386
     386
     418
     385
     373
     360
     354
     379
     381
     346
     345
     340
     353
     325
     355
     338
     346
     357
     307
     310
     336
     328
     310
     334
     309
     317
     299
     330
     289
     288
     287
     309
     303
     274
     285
     298
     245
     308
     272
     246
     315
     246
     258
     232
     261
     256
     227
     270
     247
     245
     269
     251
     231
     265
     243
     217
     243
     239
     246
     218
     227
     219
     204
     198
     208
     193
     171
     202
     181
     212
     187
     169
     204
     185
     187
     197
     149
     165
     157
     155
     159
     164
     177
     161
     149
     133
     135
     134
     135
     139
     140
     109
      99
     105
     125
     122
     101
     108
     114
      97
      95
      98
      80
      84
      71
      74
      68
      71
     109
      96
      64
      74
      82
      73
      75
      93
      70
      81
      80
      80
      96
      95
     105
      91
     123
     118
     116
     133
     143
     168
     160
     171
     193
     195
     227
     235
     275
     292
     306
     365
     385
     381
     507
     494
     499
     560
     677
     707
     789
     871
     922
    1030
    1072
    1101
    1271
    1371
    1458
    1497
    1598
    1780
    1772
    1885
    2113
    2063
    2246
    2373
    2396
    2482
    2586
    2638
    2653
    2649
    2728
    2782
    2740
    2758
    2918
    2813
    2683
    2748
    2705
    2637
    2722
    2574
    2594
    2445
    2319
    2309
    2190
    2117
    1996
    1901
    1864
    1693
    1614
    1489
    1412
    1358
    1231
    1145
    1071
     993
     874
     821
     747
     648
     643
     569
     527
     433
     410
     376
     336
     291
     264
     214
     193
     168
     156
     163
     105
      98
      75
      74
      70
      57
      59
      34
      32
      39
      29
      22
      15
      13
      20
      17
       8
      12
      19
      10
      16
       7
       8
      10
      11
       7
       8
       9
       9
       6
       4
       7
       4
       6
       5
      10
       6
       7
       3
       7
       9
       8
       6
       6
       5
       1
       9
       8
       6
       9
       9
       7
      10
       4
       1
       7
       3
       1
       6
       8
       5
       4
       2
       6
       9
       1
       3
       6
       3
       6
       6
       8
      10
       2
       4
       7
       6
       7
       5
      10
       4
       4
       7
       3
       6
       2
       3
       4
       7
       6
       3
       1
       3
       7
       3
       5
       4
       8
       6
       7
       3
       2
       8
       8
       8
       4
       5
       4
       7
       6
       4
       4
       2
       7
       4
       4
       4
       9
      10
       6
       2
       5
       5
       4
       3
       3
       3
       1
       3
       6
       3
       5
       7
       2
       3
       5
       5
       4
       7
       0
       2
       5
       8
       4
       6
       2
       7
       0
       3
       5
       3
       4
       4
       4
       1
       4
       6
       8
       4
       4
       7
       3
       3
       3
       5
       7
       4
       0
       2
       1
       3
       6
       2
       1
       4
       1
       3
       0
       3
       3
       1
       6
       2
       0
       7
       0
       3
       4
       4
       7
       6
       2
       3
       4
       2
       4
       1
       6
       6
       4
       4
       3
       3
       6
       6
       3
       3
       5
       2
       6
       6
       6
       4
       5
       3
       3
       3
       5
       3
       3
       5
       2
       2
       5
       2
       5
       5
       4
       5
       3
       2
       3
       4
       2
       3
       6
       4
       4
       4
       3
       2
       6
       0
       2
       3
       5
       4
       3
       6
       3
       7
       4
       0
       6
       4
       5
       3
       5
       4
       4
       3
       2
       1
       1
       3
       6
       2
       0
       2
       5
       2
       5
       2
       1
       1
       3
       0
       1
       2
       3
       1
       5
       3
       4
       2
       1
       1
       2
       1
       2
       3
       1
       3
       2
       3
       4
       2
       4
       3
       4
       1
       5
       0
       4
       1
       3
       1
       2
       5
       2
       4
       2
       2
       0
       0
       3
       2
       7
       2
       1
       4
       3
       2
       5
       3
       2
       3
       4
       3
       2
       4
       6
       0
       3
       5
       3
       6
       1
       6
       3
       7
       7
       7
       4
       5
       2
       5
       4
       3
       5
       1
       4
       4
       2
       4
       7
       6
       6
       7
       5
       3
       5
       5
       4
       3
       2
       6
       4
       5
       2
       3
       3
       7
       4
       1
       9
       5
       4
       4
       0
       3
       2
       2
       3
       6
       0
       4
       3
       3
       1
       2
       2
       4
       2
       2
       4
       3
       3
       4
       1
       1
       0
       2
       1
       0
       1
       1
       2
       0
       2
       1
       5
       2
       0
       0
       0
       1
       0
       2
       3
       0
       2
       1
       0
       0
       0
       2
       0
       0
       1
       2
       3
       0
       0
       2
       0
       1
       2
       0
       0
       0
       2
       0
       0
       0
       1
       0
       1
       2
       2
       2
       1
       0
       0
       1
       2
       0
       0
       2
       0
       3
       0
       0
       1
       0
       1
       2
       1
       0
       0
       2
       1
       2
       2
       0
       0
       0
       2
       0
       0
       1
       1
       1
       0
       0
       4
       0
       0
       1
       0
       1
       1
       1
       0
       2
       2
       0
       1
       0
       0
       0
       2
       1
       2
       0
       0
       1
       1
       2
       2
       2
       0
       0
       0
       1
       0
       1
       0
       0
       0
       3
       1
       0
       1
       2
       3
       3
       1
       0
       2
       1
       1
       3
       1
       1
       1
       1
       2
       0
       0
       1
       0
       2
       0
       1
       0
       3
       1
       2
       1
       3
       0
       0
       1
       1
       2
       0
       0
       0
       0
       1
       0
       1
       0
       0
       0
       2
       0
       0
       0
       0
       0
       0
       0
       0
       0
       0
       0
       0
       0
       0
       1
       0
       0
       0
       0
       1
       0
       0
       0
       0
       0
       0
       1
       0
       0
       0
       0
       0
       0
       1
       0
       1
       1
       0
       0
       0
       0
       0
       0
       0
       0
       1
       1
       1
       0
       0
       1
       0
       0
       0
       0
       0
       1
       0
       0
       0
       0
       0
       0
       0
       0
       0
       0
       0
       0
       1
       0
       0
       0
       0
       0
       0
       0
       0
       0
       0
       0
$ROI:
0
$PRESETS:
None
0
0
$ENER_FIT:
0.000000 2.191293
$MCA_CAL:
3
0.000000E+000 2.191293E+000 0.000000E+000 keV
$SHAPE_CAL:
3
1.167119E+001 0.000000E+000 0.000000E+000
