$SPEC_ID:
No sample description was entered.
$SPEC_REM:
DET# 2
DETDESC# SPACESCIENCE8 digiBASE-RH SN 15121449
AP# Maestro Version 7.01
$DATE_MEA:
10/02/2024 14:24:49
$MEAS_TIM:
149 150
$DATA:
0 1023
       0
       0
       0
       0
       0
       0
       0
       0
       0
       0
     360
    1372
    1665
    1671
    1683
    1560
    1372
    1169
     977
     710
     635
     512
     465
     394
     342
     360
     351
     332
     327
     362
     361
     357
     381
     394
     352
     366
     397
     392
     423
     426
     382
     435
     420
     413
     399
     415
     436
     406
     390
     430
     401
     418
     420
     389
     438
     384
     410
     434
     464
     413
     413
     418
     429
     398
     437
     421
     437
     395
     409
     431
     404
     431
     439
     439
     424
     420
     442
     461
     431
     472
     446
     460
     478
     414
     478
     504
     474
     538
     478
     569
     551
     536
     552
     510
     577
     572
     561
     492
     536
     529
     519
     524
     529
     530
     544
     527
     479
     480
     481
     476
     489
     501
     479
     502
     490
     443
     451
     431
     456
     453
     473
     436
     443
     449
     418
     422
     432
     426
     405
     405
     400
     402
     407
     392
     404
     399
     375
     388
     391
     401
     390
     353
     382
     400
     352
     338
     343
     364
     322
     357
     326
     339
     311
     312
     323
     326
     293
     321
     316
     336
     289
     325
     309
     283
     314
     288
     265
     294
     308
     276
     285
     280
     263
     234
     287
     255
     272
     273
     283
     280
     266
     250
     262
     254
     266
     235
     250
     239
     259
     245
     227
     243
     277
     241
     252
     206
     211
     219
     205
     216
     211
     203
     222
     213
     199
     200
     206
     199
     205
     201
     200
     222
     210
     211
     178
     210
     215
     197
     180
     173
     160
     184
     209
     183
     179
     155
     172
     169
     156
     160
     158
     144
     167
     143
     145
     159
     130
     158
     152
     160
     123
     140
     119
     101
     130
     115
     104
     126
     115
     113
      98
     101
      95
      85
      97
      68
      79
      81
      92
      78
      80
      66
      79
      70
      62
      67
      70
      64
      49
      55
      68
      69
      66
      65
      69
      68
      68
      81
      78
      73
      71
     100
      81
     103
      85
      92
     118
     111
     107
     125
     133
     136
     153
     209
     202
     199
     241
     268
     285
     301
     366
     414
     408
     427
     545
     540
     636
     700
     686
     784
     822
     938
    1046
    1095
    1148
    1256
    1366
    1408
    1565
    1538
    1654
    1788
    1847
    1888
    1956
    2030
    2122
    2249
    2263
    2295
    2331
    2292
    2405
    2349
    2384
    2414
    2381
    2337
    2375
    2310
    2219
    2140
    2084
    2042
    1951
    1943
    1873
    1798
    1664
    1627
    1430
    1503
    1301
    1270
    1184
    1086
    1059
     954
     893
     807
     733
     641
     601
     566
     485
     461
     419
     392
     358
     280
     278
     214
     209
     171
     185
     157
     108
      94
      92
      85
      89
      74
      48
      49
      44
      26
      29
      30
      22
      19
      16
      25
      14
      12
      18
       9
      11
       5
       6
       7
       8
      11
      10
       6
      12
       5
       4
       4
       5
       3
       3
       6
       7
       9
       4
       6
       8
       6
       4
       5
      13
       6
       5
       3
       6
       5
       5
       5
       6
       4
       3
       4
       2
       4
       9
       5
       2
       5
       8
       5
       4
       6
       8
       4
       3
       3
       8
       4
       3
       7
       9
       7
       5
       1
       3
       6
       3
       6
       5
       4
       5
       8
       4
       1
       4
       3
       4
       5
       4
       5
       4
       6
       4
       5
       3
       2
       4
       2
       2
       4
       7
       2
       6
       8
       6
       3
       6
       3
       1
       4
       2
       3
       2
       4
       5
       5
       2
       7
       6
       5
       1
       5
       4
       3
       0
       3
       1
       2
       3
       5
       6
       2
       1
       3
       2
       5
       0
       3
       5
       5
       4
       1
       1
       6
       4
       7
       3
       1
       2
       4
       3
       2
       3
       1
       7
       4
       5
       3
       6
       1
       5
       4
       3
       2
       1
       4
       4
       3
       3
       4
       4
       3
       3
       5
       2
       2
       5
       4
       4
       4
       2
       4
       3
       2
       3
       5
       4
       0
       2
       4
       2
       3
       0
       3
       4
       6
       8
       2
       3
       6
       3
       3
       3
       1
       7
       1
       3
       2
       2
       5
       4
       5
       2
       4
       2
       2
       5
       2
       2
       1
       1
       2
       2
       2
       3
       4
       4
       4
       1
       2
       2
       3
       3
       2
       2
       4
       1
       4
       4
       1
       2
       1
       3
       2
       6
       3
       4
       3
       3
       1
       3
       4
       4
       2
       3
       3
       5
       3
       5
       2
       2
       2
       3
       0
       3
       1
       3
       2
       2
       5
       3
       6
       3
       3
       3
       1
       1
       4
       2
       2
       2
       4
       2
       3
       2
       2
       2
       2
       2
       0
       1
       4
       1
       4
       4
       1
       2
       3
       2
       2
       1
       3
       3
       0
       0
       2
       2
       1
       2
       3
       1
       3
       4
       5
       3
       2
       6
       2
       2
       3
       2
       4
       8
       5
       2
       1
       3
       4
       3
       0
       5
       1
       0
       2
       5
       3
       4
       3
       6
       3
       8
       7
       3
       5
       2
       7
       3
       0
       7
       3
       5
       4
       4
       9
       6
       2
       4
       7
       6
       8
       7
       4
       3
       4
       4
       5
       5
       5
       8
       4
       3
       4
       4
       6
       6
       3
       2
       5
       2
       5
       4
       5
       6
       2
       2
       3
       3
       2
       1
       2
       4
       1
       1
       4
       1
       3
       1
       0
       3
       2
       2
       3
       1
       0
       2
       1
       1
       1
       2
       2
       3
       0
       1
       1
       2
       0
       1
       1
       1
       1
       4
       0
       1
       1
       1
       1
       1
       0
       1
       0
       2
       0
       1
       2
       1
       1
       1
       2
       1
       0
       0
       2
       0
       3
       0
       0
       0
       2
       1
       0
       1
       0
       0
       3
       1
       1
       0
       3
       0
       1
       0
       2
       0
       0
       0
       0
       3
       2
       0
       0
       1
       1
       1
       1
       0
       0
       2
       1
       0
       3
       1
       1
       2
       0
       0
       0
       1
       2
       0
       1
       1
       1
       1
       2
       0
       0
       0
       1
       1
       1
       2
       0
       2
       1
       1
       2
       0
       1
       0
       1
       2
       2
       0
       0
       1
       3
       1
       0
       1
       1
       0
       0
       3
       1
       1
       0
       3
       1
       1
       1
       0
       2
       2
       0
       0
       2
       0
       1
       1
       1
       2
       2
       0
       0
       0
       0
       2
       2
       0
       0
       0
       0
       1
       0
       0
       0
       0
       0
       0
       0
       0
       1
       1
       2
       2
       1
       0
       0
       0
       0
       0
       1
       0
       0
       2
       1
       1
       0
       0
       2
       2
       0
       0
       1
       1
       1
       0
       0
       0
       0
       0
       0
       0
       2
       0
       1
       1
       0
       0
       0
       0
       1
       0
       0
       0
       0
       0
       1
       1
       0
       1
       0
       1
       0
       0
       0
       0
       0
       0
       0
       0
       0
       0
       1
       0
       1
       0
       0
       1
       0
       0
       0
       0
       1
       0
       0
       0
       0
       0
       0
       0
       0
       0
       0
$ROI:
0
$PRESETS:
None
0
0
$ENER_FIT:
0.000000 2.191293
$MCA_CAL:
3
0.000000E+000 2.191293E+000 0.000000E+000 keV
$SHAPE_CAL:
3
1.167119E+001 0.000000E+000 0.000000E+000
