$SPEC_ID:
No sample description was entered.
$SPEC_REM:
DET# 2
DETDESC# SPACESCIENCE8 digiBASE-RH SN 15121449
AP# Maestro Version 7.01
$DATE_MEA:
10/02/2024 15:14:00
$MEAS_TIM:
600 600
$DATA:
0 1023
       0
       0
       0
       0
       0
       0
       0
       0
       0
       0
      48
     196
     215
     227
     224
     249
     260
     288
     341
     415
     422
     464
     479
     543
     591
     669
     671
     677
     658
     632
     636
     711
     602
     609
     629
     626
     572
     579
     573
     585
     585
     582
     515
     519
     527
     492
     498
     441
     450
     444
     416
     392
     444
     409
     386
     407
     384
     387
     360
     372
     373
     377
     331
     352
     355
     342
     327
     325
     323
     325
     339
     319
     304
     268
     330
     296
     285
     268
     290
     272
     259
     259
     257
     251
     270
     249
     253
     250
     228
     227
     239
     239
     245
     239
     219
     226
     223
     209
     207
     218
     192
     230
     190
     203
     215
     226
     211
     198
     205
     174
     207
     173
     188
     176
     180
     175
     193
     178
     174
     152
     144
     153
     165
     162
     145
     166
     142
     146
     130
     126
     127
     132
     175
     135
     137
     136
     127
     124
     139
     111
     144
     137
     109
     117
     115
     119
     133
     119
     107
     110
     111
     118
     110
     112
      98
     115
     120
     106
     123
      89
     111
     107
     120
     108
      84
      96
      83
     112
     105
     109
     102
      89
     110
     102
      98
      83
     104
      87
      88
      82
      61
      86
      70
      73
      98
      66
      70
      77
      80
      82
      64
      68
      67
      77
      64
      57
      68
      56
      65
      62
      62
      58
      57
      67
      57
      58
      58
      62
      43
      57
      45
      68
      66
      67
      58
      74
      50
      47
      55
      51
      54
      60
      43
      56
      59
      58
      44
      45
      47
      53
      47
      52
      46
      52
      43
      47
      46
      59
      56
      53
      51
      48
      47
      45
      59
      56
      46
      43
      53
      38
      40
      38
      37
      47
      37
      52
      56
      43
      49
      38
      40
      45
      51
      47
      49
      36
      58
      46
      45
      51
      38
      45
      48
      49
      43
      47
      43
      50
      39
      52
      53
      48
      58
      40
      55
      51
      53
      43
      51
      48
      43
      45
      40
      43
      40
      45
      52
      44
      46
      45
      48
      39
      36
      44
      48
      39
      35
      32
      39
      53
      38
      41
      34
      32
      33
      39
      35
      38
      41
      29
      32
      29
      47
      26
      31
      33
      34
      20
      25
      26
      31
      29
      28
      23
      44
      29
      26
      35
      31
      33
      16
      29
      29
      24
      27
      21
      27
      28
      25
      25
      20
      25
      26
      29
      16
      27
      20
      20
      29
      25
      23
      14
      30
      30
      21
      26
      23
      33
      18
      26
      21
      28
      24
      23
      31
      16
      19
      23
      22
      27
      19
      19
      18
      23
      20
      22
      26
      18
      24
      18
      25
      30
      24
      29
      19
      18
      21
      21
      17
      20
      27
      33
      21
      24
      33
      25
      28
      24
      21
      20
      21
      26
      21
      22
      19
      12
      17
      20
      24
      33
      25
      18
      21
      19
      20
      14
      18
      20
      16
      23
      17
      27
      23
      21
      17
      28
      25
      23
      26
      29
      18
      13
      23
      24
      22
      16
      24
      19
      18
      26
      22
      19
      22
      24
      14
      19
      18
      22
      19
      19
      11
      21
      22
      24
      18
      16
      17
      21
      19
      23
      13
      24
      22
      18
      12
      23
       7
      15
      16
      17
      20
      25
      18
      18
      17
      29
      17
      14
       9
      25
      10
      18
      16
      14
      15
      15
      10
      22
      12
      15
      16
      11
      13
      10
      10
      10
      16
      15
      17
      15
      16
      11
       8
      23
      11
      15
      14
      11
      10
      11
      12
      14
       7
       6
      10
       9
      16
      10
      16
      18
      11
      20
      17
      14
      15
      15
      24
      10
      20
      16
      23
      17
      19
      16
      23
      26
      21
      22
      19
      21
      22
      24
      34
      19
      28
      35
      27
      41
      22
      26
      35
      35
      26
      31
      30
      45
      38
      49
      45
      44
      47
      57
      48
      41
      37
      47
      50
      44
      51
      39
      49
      48
      57
      51
      51
      41
      31
      49
      46
      33
      42
      39
      39
      48
      36
      36
      44
      44
      42
      33
      38
      35
      37
      30
      26
      39
      32
      30
      23
      22
      24
      28
      29
      29
      28
      32
      23
      32
      28
      31
      22
      21
      21
      29
      30
      27
      27
      17
      15
      24
      24
      24
      24
      23
      32
      17
      28
      30
      26
      27
      26
      37
      31
      31
      34
      30
      36
      30
      25
      37
      32
      26
      27
      44
      28
      41
      41
      29
      34
      42
      40
      31
      34
      39
      38
      42
      32
      39
      33
      49
      28
      28
      35
      30
      33
      33
      46
      33
      34
      39
      30
      40
      38
      31
      32
      37
      37
      40
      29
      36
      37
      33
      23
      20
      28
      14
      25
      20
      31
      22
      24
      28
      20
      24
      14
      26
      20
      18
      24
      23
      19
      23
      20
      21
      20
      18
      20
      24
      25
      23
      23
      21
      27
      26
      20
      26
      21
      22
      23
      15
      21
      15
      20
      22
      22
      22
      20
      12
      19
      15
      10
      16
      11
      15
      13
      11
      18
      15
       9
      13
      12
      12
      12
      17
      14
      10
      11
      11
       9
       9
      11
       7
       8
       6
       9
       7
      12
       6
      11
       7
       5
       7
       6
       3
       8
       6
       3
       3
       8
       4
       2
       3
       3
       2
       6
       4
       4
       3
       4
       9
       6
       1
       5
       3
       2
       5
       3
       3
       3
       4
       3
       3
       5
       1
       1
       2
       2
       4
       3
       1
       1
       3
       1
       1
       2
       3
       0
       3
       2
       3
       3
       3
       5
       3
       1
       5
       3
       5
       1
       7
       3
       0
       3
       2
       3
       4
       2
       5
       2
       5
       1
       1
       2
       3
       5
       4
       3
       3
       3
       4
       2
       2
       2
       2
       3
       8
       3
       6
       4
       2
       1
       0
       6
       1
       1
       2
       2
       3
       8
       1
       4
       5
       2
       4
       6
       4
       6
       4
       5
       3
       5
       4
       2
       4
       7
       2
       3
       2
       5
       3
       4
       4
       3
       1
       3
       3
       4
       0
       6
       3
       7
       3
       1
       2
       4
       5
       4
       1
       1
       5
       0
       3
       1
       4
       1
       0
       3
       3
       2
       2
       5
       4
       2
       1
       2
       1
       4
       2
       0
       1
       4
       1
       1
       2
       1
       1
       1
       4
       1
       0
       0
       0
       0
       0
       1
       2
       1
       1
       1
       1
       4
       2
       0
       2
       1
       1
       3
       0
       1
       0
       2
       1
       0
       2
       1
       1
       0
       1
       1
       0
       1
       5
       0
       1
       0
       0
       0
       1
       4
       1
       0
       1
       0
       1
       3
       1
       0
       0
       1
       1
       0
       1
       0
       2
       2
       1
       0
       0
       1
       2
       0
       0
       1
       0
       0
       2
       1
       0
       1
       1
       1
       3
       1
       2
       0
       1
       3
       0
       1
       1
       0
       0
       3
       1
$ROI:
0
$PRESETS:
None
0
0
$ENER_FIT:
0.000000 2.191293
$MCA_CAL:
3
0.000000E+000 2.191293E+000 0.000000E+000 keV
$SHAPE_CAL:
3
1.167119E+001 0.000000E+000 0.000000E+000
