$SPEC_ID:
No sample description was entered.
$SPEC_REM:
DET# 2
DETDESC# SPACESCIENCE8 digiBASE-RH SN 15121449
AP# Maestro Version 7.01
$DATE_MEA:
10/02/2024 14:37:11
$MEAS_TIM:
148 150
$DATA:
0 1023
       0
       0
       0
       0
       0
       0
       0
       0
       0
       0
     440
    1803
    2112
    2223
    2180
    1986
    1704
    1405
    1182
     915
     787
     662
     574
     465
     451
     490
     457
     447
     435
     429
     448
     445
     480
     481
     488
     520
     522
     549
     571
     532
     524
     564
     565
     561
     554
     565
     509
     529
     511
     571
     554
     531
     553
     539
     508
     531
     582
     516
     553
     607
     542
     524
     553
     572
     584
     591
     580
     615
     572
     595
     602
     566
     614
     535
     606
     583
     602
     571
     583
     632
     634
     641
     605
     702
     644
     708
     773
     736
     718
     764
     746
     731
     696
     721
     770
     750
     731
     760
     739
     804
     799
     766
     797
     683
     748
     749
     743
     711
     697
     741
     699
     734
     769
     728
     696
     652
     659
     710
     668
     687
     700
     673
     617
     665
     621
     647
     637
     643
     640
     576
     631
     590
     622
     611
     570
     637
     603
     614
     559
     547
     584
     595
     559
     539
     513
     475
     531
     513
     522
     531
     482
     500
     478
     482
     446
     447
     456
     459
     448
     436
     462
     436
     456
     426
     428
     398
     407
     427
     412
     417
     402
     407
     379
     346
     335
     374
     363
     366
     379
     385
     374
     323
     369
     328
     331
     325
     326
     335
     328
     315
     314
     335
     329
     325
     280
     297
     312
     294
     315
     293
     293
     292
     280
     307
     276
     254
     309
     256
     266
     260
     245
     256
     264
     281
     251
     264
     244
     248
     241
     220
     240
     224
     225
     214
     201
     206
     236
     194
     228
     197
     196
     177
     198
     172
     185
     182
     196
     148
     174
     164
     153
     144
     143
     160
     132
     134
     136
     115
     143
     126
     107
     117
     114
      94
      98
     110
     113
      94
     103
      96
      97
      88
     100
      82
     104
     109
      84
     101
     104
      99
     109
     103
     104
     119
     109
     118
     120
     110
     152
     140
     158
     165
     194
     193
     193
     198
     219
     251
     231
     276
     334
     366
     345
     387
     494
     485
     565
     544
     656
     696
     796
     821
     933
    1026
    1112
    1199
    1300
    1390
    1483
    1692
    1742
    1880
    1973
    2209
    2314
    2337
    2513
    2563
    2666
    2792
    2870
    3092
    3183
    3219
    3340
    3299
    3377
    3498
    3498
    3510
    3615
    3406
    3463
    3382
    3291
    3305
    3337
    3209
    3147
    3073
    3006
    2850
    2597
    2688
    2471
    2404
    2203
    2109
    1999
    1898
    1748
    1652
    1535
    1374
    1317
    1275
    1115
    1092
     936
     852
     817
     702
     632
     573
     519
     437
     447
     360
     310
     282
     264
     234
     197
     174
     157
     127
     119
      79
      85
      87
      59
      51
      55
      36
      43
      31
      38
      20
      19
      20
      20
      19
      12
      14
      14
      18
      12
       9
      10
      11
      11
       4
       8
       7
      11
       6
       8
      11
       8
      11
       6
       5
       3
       7
       6
       2
       6
       6
       5
       8
       7
      12
       6
       5
       3
       3
       4
      10
       7
       5
       6
       3
       0
       4
       4
       6
       7
       5
       9
      10
       6
       4
       9
      13
       5
       4
       8
       5
       2
      10
       4
       3
       4
       6
       5
       8
      11
       3
       7
       2
       6
       5
       8
       5
       4
       4
       7
      11
       3
       5
       4
       5
       3
       5
       8
       6
       8
       3
       7
       4
       5
       5
       6
       5
       4
       4
       3
       6
       6
       8
       7
       6
       7
       9
       3
       3
       3
       3
       5
       8
       3
       6
       5
       0
       2
       5
       4
       5
       1
       3
       6
       6
       3
       5
       5
       2
       1
       2
       4
       5
       3
       1
       4
       1
       2
       3
       7
       3
       4
       7
       7
       3
       1
       3
       2
       3
       2
       2
       2
       2
       6
       1
       3
       4
       3
       9
       4
       5
       4
       4
       7
       3
       5
       2
       3
       2
       5
       7
       5
       3
       6
       4
       8
       4
       3
       4
       3
       4
       5
       3
       3
       3
       1
       4
       5
       4
       3
       0
       5
       6
       3
       5
       2
       4
       4
       0
       4
       4
       4
       4
       5
       2
       5
       9
       9
       5
       4
       0
       9
       4
       5
       5
       2
       2
       5
       6
       5
       4
       3
       3
       4
       0
       1
       3
       4
       4
       5
       8
       5
       1
       8
       4
       4
       4
       1
       3
       0
       5
       2
       5
       4
       6
       3
       5
       4
       1
       1
       2
       7
       3
       3
       8
       6
       6
       2
       4
       3
       3
       2
       4
       6
       3
       1
       3
       9
       3
       5
       2
       3
       1
       5
       1
       2
       3
       4
       4
       4
       2
       3
       2
       3
       2
       1
       1
       3
       5
       2
       3
       3
       1
       0
       3
       3
       1
       0
       4
       2
       2
       3
       2
       1
       7
       2
       3
       1
       5
       3
       6
       2
       3
       2
       8
       3
       2
       2
       3
       1
       3
       3
       2
       6
       2
       3
       6
       2
       6
       3
       7
       3
       4
       5
       6
       4
       6
       8
       4
       0
       5
       5
       6
      11
       1
       2
       3
       6
       4
       2
       3
       5
       5
       6
       3
       7
       5
       3
       3
       5
       6
       3
       6
       3
       6
       5
       5
       5
       5
       2
       2
       3
       3
       3
       7
       1
       3
       4
       1
       4
       4
       6
       0
       1
       0
       3
       2
       3
       2
       0
       3
       1
       2
       0
       1
       1
       2
       4
       4
       2
       3
       3
       2
       2
       1
       2
       2
       2
       3
       1
       1
       2
       1
       1
       1
       1
       2
       0
       1
       2
       0
       1
       3
       0
       1
       0
       0
       0
       1
       1
       1
       0
       3
       0
       3
       0
       1
       1
       0
       1
       1
       1
       1
       1
       0
       1
       2
       1
       1
       4
       0
       2
       0
       1
       2
       2
       0
       0
       1
       2
       0
       0
       1
       1
       0
       0
       0
       1
       0
       0
       2
       2
       0
       1
       0
       0
       1
       0
       0
       2
       0
       1
       0
       1
       2
       3
       1
       0
       2
       0
       0
       1
       0
       2
       0
       3
       0
       1
       0
       0
       0
       3
       0
       1
       0
       1
       0
       0
       0
       2
       1
       4
       2
       1
       1
       0
       1
       0
       1
       0
       0
       0
       0
       1
       0
       0
       2
       1
       2
       2
       0
       0
       1
       0
       1
       0
       0
       1
       1
       0
       1
       1
       0
       0
       0
       0
       1
       0
       0
       0
       0
       1
       0
       1
       0
       0
       0
       0
       0
       0
       1
       1
       3
       0
       0
       0
       0
       1
       0
       1
       0
       1
       0
       1
       0
       0
       1
       1
       1
       0
       1
       0
       0
       1
       0
       0
       0
       0
       1
       0
       1
       0
       0
       0
       1
       0
       1
       0
       0
       0
       1
       0
       0
       0
       0
       0
       0
       0
       0
       0
       0
       0
       0
       0
       0
       1
       0
       0
       0
       1
       0
       0
       0
       0
       0
       0
       0
       0
       1
       0
       0
       1
       1
       1
       0
       1
       0
$ROI:
0
$PRESETS:
None
0
0
$ENER_FIT:
0.000000 2.191293
$MCA_CAL:
3
0.000000E+000 2.191293E+000 0.000000E+000 keV
$SHAPE_CAL:
3
1.167119E+001 0.000000E+000 0.000000E+000
