$SPEC_ID:
No sample description was entered.
$SPEC_REM:
DET# 2
DETDESC# SPACESCIENCE8 digiBASE-RH SN 15121449
AP# Maestro Version 7.01
$DATE_MEA:
10/02/2024 14:57:20
$MEAS_TIM:
299 300
$DATA:
0 1023
       0
       0
       0
       0
       0
       0
       0
       0
       0
       0
    1284
    5349
    6023
    6108
    5705
    4792
    4019
    3160
    2420
    1810
    1414
    1171
    1067
     996
     957
     961
    1024
    1086
    1150
    1314
    1367
    1430
    1459
    1619
    1601
    1684
    1696
    1661
    1696
    1596
    1494
    1393
    1301
    1148
    1009
     901
     854
     654
     640
     530
     530
     485
     434
     416
     395
     381
     349
     355
     362
     381
     380
     336
     360
     375
     349
     416
     399
     398
     394
     414
     369
     409
     360
     395
     358
     430
     366
     353
     392
     390
     376
     365
     349
     371
     353
     379
     349
     349
     338
     350
     354
     344
     307
     318
     323
     341
     316
     298
     294
     313
     303
     322
     294
     269
     312
     276
     273
     279
     279
     265
     253
     238
     243
     268
     254
     262
     235
     258
     261
     247
     252
     268
     266
     284
     260
     281
     256
     270
     302
     299
     326
     346
     303
     350
     367
     337
     364
     373
     376
     424
     382
     415
     427
     412
     457
     408
     474
     397
     415
     434
     438
     460
     471
     457
     430
     476
     452
     502
     526
     501
     519
     541
     600
     597
     619
     660
     722
     698
     772
     783
     793
     790
     748
     751
     800
     774
     750
     763
     787
     765
     758
     716
     693
     754
     698
     625
     606
     571
     537
     526
     440
     402
     407
     356
     324
     264
     282
     238
     237
     209
     172
     141
     149
     141
     106
     134
      90
      80
      77
      86
      69
      56
      44
      51
      38
      44
      42
      30
      36
      32
      33
      35
      28
      29
      24
      30
      34
      18
      17
      20
      15
      34
      17
      28
      14
      22
      28
      24
      20
      19
      24
      20
      24
      20
      22
      19
      15
      17
      17
      28
      29
      17
      16
      33
      17
      14
      18
      15
      26
      18
      21
      17
      18
      12
      22
      25
      17
      22
      19
      23
      17
      18
      17
      22
      16
      16
      23
      17
      22
      17
      19
      18
      16
      19
      17
      21
      10
      28
      15
      14
      20
      15
      25
      13
      19
      17
      13
      25
      23
      14
      18
      23
      26
      20
      20
      16
      20
      21
      22
      12
      18
      17
      21
      19
      22
      18
      13
      17
      10
      18
      18
       5
      14
       7
      22
      14
      16
      14
      17
      11
       9
      13
      16
      10
      17
      12
      10
      12
       9
      10
      11
      10
      10
       9
      16
      16
       8
      12
       8
      11
      11
      11
       9
      14
       4
       6
      16
      10
      14
      11
      14
       9
      13
      11
       7
       9
      12
      13
       6
       6
      11
      13
       8
      11
       7
      12
      10
       8
       8
       9
       8
       8
       5
       9
       9
       7
       7
      10
       9
      11
      10
      11
      10
       5
      12
       7
       7
      12
       6
      10
       8
       9
       8
       8
       9
       5
       9
      10
      13
      14
      10
       4
       6
      11
       4
       7
       8
       5
       7
       7
       5
       8
      12
       3
       5
      10
      10
       6
       7
      11
       3
       8
       9
       8
       9
       9
       7
       5
       4
       6
      13
       9
       8
       8
       7
       9
       7
       6
      10
       5
      10
       6
       8
       5
       1
       7
       5
       5
      13
       6
      11
       6
       8
       3
       9
       7
       5
       6
       9
       5
       7
       9
      14
       3
      11
       7
       3
       7
       7
       4
       7
       5
       7
       6
       6
      11
       4
       7
       6
       5
       8
       8
       8
       1
       7
       4
       5
       8
       3
       5
       3
       6
       5
       9
       5
       5
       4
       4
       8
       5
       4
       3
       1
       4
       6
       4
       4
       5
       4
       7
       2
       3
       2
       9
       1
       1
       1
       3
       6
       3
       4
       5
       5
      10
       3
       5
       6
       5
       3
       6
       8
       4
       5
       7
       4
       5
       4
       6
       6
       4
       4
       4
       6
       5
       5
       5
       5
       5
       2
       5
       4
      10
       5
       5
       1
       4
       4
       2
       7
       4
       7
      10
       2
       6
       2
       3
       6
       7
       6
       4
       7
       3
       2
       5
       8
       3
       4
       6
       6
       1
       2
       2
       4
       5
       4
       6
       7
       2
       7
       4
       3
       3
       8
       4
       1
       3
       3
       3
       6
       1
       3
       4
       8
       5
       4
       2
       8
       3
       5
       4
       4
       1
       3
       5
       3
       3
       1
       0
       4
       0
       2
       3
       1
       5
       3
       2
       2
       2
       4
       0
       6
       1
       5
       5
       2
       3
       1
       2
       2
       5
       1
       4
       6
       5
       2
       3
       1
       2
       3
       6
       3
       4
       4
       1
       4
       3
       4
       4
       4
       4
       1
       4
       1
       4
       6
       6
       3
       4
       6
       3
       4
       5
       4
      11
       3
       3
       6
       4
       3
       2
       5
       2
       4
       5
       9
       3
       4
       3
       5
       5
       8
       7
       6
       9
       5
       9
       5
       9
      10
       7
      10
      10
       8
       6
       8
      14
      10
       5
      15
      11
       5
      10
      15
       5
      12
      13
       8
      10
       6
      14
       7
       8
      11
       9
       8
       6
       8
      12
       8
       6
       9
       6
       7
      16
      10
       8
      10
       7
       5
       6
       4
       8
       6
       9
       6
       4
       4
       3
       2
       6
       8
       6
       4
       4
       3
       5
       5
       1
       4
       5
       5
       2
       3
       3
       3
       6
       3
       3
       3
       1
       0
       2
       3
       4
       5
       1
       0
       2
       3
       3
       1
       4
       4
       3
       0
       0
       0
       1
       1
       1
       0
       1
       0
       2
       3
       2
       1
       5
       1
       1
       2
       0
       2
       1
       2
       2
       0
       0
       0
       2
       3
       2
       0
       1
       2
       0
       3
       0
       0
       4
       0
       0
       1
       1
       0
       3
       0
       2
       1
       1
       4
       0
       2
       1
       1
       3
       2
       2
       1
       2
       3
       1
       1
       3
       1
       3
       3
       4
       1
       3
       0
       2
       2
       5
       0
       1
       2
       2
       2
       0
       1
       2
       3
       1
       2
       1
       4
       3
       5
       3
       1
       1
       0
       1
       0
       5
       1
       1
       1
       2
       2
       4
       1
       2
       1
       2
       2
       2
       1
       3
       4
       2
       0
       1
       4
       1
       1
       0
       4
       1
       2
       0
       0
       2
       3
       0
       2
       2
       1
       3
       3
       2
       1
       0
       1
       1
       2
       1
       3
       0
       0
       1
       1
       0
       3
       2
       0
       0
       0
       1
       0
       0
       0
       1
       2
       2
       4
       3
       0
       1
       2
       0
       0
       2
       0
       0
       0
       0
       1
       0
       0
       0
       0
       1
       0
       0
       0
       0
       2
       1
       0
       0
       0
       0
       0
       1
       1
       2
       1
       1
       0
       2
       0
       1
       2
       2
       1
       1
       0
       0
       0
       0
       1
       0
       0
       2
       1
       1
       0
       0
       1
       0
       2
       0
       0
       1
       0
       0
       1
       0
       0
       0
       1
       0
       0
       0
       1
       1
       0
       0
       0
       0
       0
       0
$ROI:
0
$PRESETS:
None
0
0
$ENER_FIT:
0.000000 2.191293
$MCA_CAL:
3
0.000000E+000 2.191293E+000 0.000000E+000 keV
$SHAPE_CAL:
3
1.167119E+001 0.000000E+000 0.000000E+000
