$SPEC_ID:
No sample description was entered.
$SPEC_REM:
DET# 2
DETDESC# SPACESCIENCE8 digiBASE-RH SN 15121449
AP# Maestro Version 7.01
$DATE_MEA:
10/02/2024 15:24:17
$MEAS_TIM:
600 600
$DATA:
0 1023
       0
       0
       0
       0
       0
       0
       0
       0
       0
       0
      45
     201
     182
     207
     227
     219
     245
     279
     309
     329
     328
     338
     352
     417
     411
     405
     425
     470
     515
     570
     576
     509
     564
     574
     583
     605
     590
     536
     601
     566
     612
     549
     553
     544
     554
     538
     496
     498
     500
     453
     454
     440
     462
     406
     425
     405
     385
     429
     377
     427
     361
     365
     388
     371
     346
     336
     358
     355
     353
     379
     322
     295
     325
     326
     311
     331
     292
     293
     291
     267
     263
     312
     275
     247
     264
     283
     289
     247
     261
     249
     266
     248
     252
     267
     234
     227
     249
     226
     266
     240
     217
     226
     245
     227
     219
     209
     212
     203
     220
     209
     195
     201
     192
     201
     168
     191
     176
     187
     189
     197
     200
     162
     161
     169
     172
     161
     159
     145
     138
     149
     153
     150
     147
     174
     128
     131
     148
     152
     137
     163
     139
     120
     128
     147
     120
     121
     145
     136
     116
     128
     120
     117
     147
     128
     118
     114
     126
     106
     114
      96
     103
     109
     109
      93
      98
     104
     100
     110
     114
     120
     117
     101
     104
     112
      96
     108
      99
      84
      79
      94
      80
      94
      84
      95
      82
      99
      76
      67
      77
      63
      65
      86
      83
      69
      79
      61
      65
      70
      65
      65
      73
      76
      66
      73
      61
      71
      70
      60
      50
      63
      68
      63
      68
      66
      49
      54
      67
      56
      54
      54
      58
      61
      61
      59
      60
      54
      59
      57
      60
      56
      60
      65
      59
      65
      54
      52
      45
      53
      55
      64
      57
      41
      48
      44
      52
      52
      55
      49
      49
      45
      62
      47
      47
      40
      50
      41
      42
      42
      51
      52
      61
      51
      47
      55
      40
      48
      56
      48
      48
      42
      64
      53
      42
      47
      54
      43
      49
      51
      43
      50
      41
      44
      57
      46
      43
      51
      58
      41
      54
      51
      42
      43
      49
      45
      50
      52
      60
      49
      49
      64
      67
      57
      58
      53
      64
      58
      75
      59
      60
      62
      65
      63
      59
      49
      69
      69
      62
      70
      74
      74
      58
      54
      62
      66
      60
      65
      70
      48
      60
      57
      69
      56
      69
      48
      62
      52
      47
      52
      38
      49
      43
      48
      54
      43
      43
      35
      29
      42
      43
      28
      43
      37
      38
      33
      30
      22
      43
      42
      28
      40
      26
      27
      33
      26
      32
      31
      34
      26
      16
      21
      32
      30
      27
      32
      20
      29
      22
      35
      27
      29
      22
      19
      29
      15
      24
      27
      26
      22
      24
      34
      19
      25
      17
      17
      28
      23
      29
      20
      19
      21
      21
      26
      23
      19
      18
      14
      15
      30
      27
      28
      17
      19
      22
      18
      23
      16
      28
      18
      20
      25
      22
      34
      27
      21
      22
      22
      25
      29
      25
      18
      27
      15
      25
      17
      31
      18
      21
      31
      19
      28
      17
      33
      18
      20
      23
      20
      24
       9
      30
      21
      28
      35
      22
      17
      20
      21
      35
      26
      21
      24
      15
      25
      23
      22
      20
      23
      28
      23
      19
      21
      27
      16
      26
      20
      22
      22
      17
      19
      18
      16
      18
      18
      16
      24
      19
      16
      25
      24
      17
      15
      14
      25
      19
      16
      22
      14
      13
      16
      16
      12
      15
      13
      10
      17
      18
      18
      12
       9
      12
      14
      17
      14
      12
      14
       6
       9
      16
      14
      15
      19
      12
      13
      16
      15
      23
      10
      31
      19
      10
      16
      13
      15
      14
      15
      13
      17
      23
      21
      12
      14
      23
      20
      19
      20
      35
      22
      28
      28
      20
      26
      23
      26
      41
      42
      41
      32
      39
      36
      38
      58
      46
      30
      41
      39
      54
      56
      42
      46
      48
      50
      45
      42
      50
      59
      64
      56
      60
      48
      59
      62
      56
      45
      49
      52
      65
      44
      64
      44
      43
      46
      48
      64
      46
      50
      39
      42
      37
      52
      32
      34
      42
      47
      39
      30
      40
      40
      31
      38
      37
      37
      34
      29
      25
      29
      32
      27
      33
      28
      30
      29
      18
      25
      30
      28
      41
      28
      33
      26
      30
      35
      32
      19
      26
      36
      32
      36
      35
      40
      32
      29
      33
      38
      30
      27
      39
      35
      34
      44
      42
      48
      28
      45
      31
      40
      41
      37
      42
      43
      42
      38
      55
      47
      48
      49
      43
      46
      42
      45
      42
      46
      33
      50
      44
      53
      39
      40
      30
      33
      41
      37
      21
      34
      35
      45
      33
      25
      28
      23
      34
      40
      31
      30
      29
      28
      21
      30
      27
      30
      24
      17
      22
      30
      27
      33
      19
      27
      33
      15
      20
      25
      13
      28
      30
      16
      27
      20
      22
      27
      24
      27
      26
      28
      20
      19
      15
      18
      27
      29
      19
      19
      17
      30
      17
      19
      24
      26
      10
      15
      19
      19
      15
      11
      20
      12
      12
      14
      12
      10
      12
       8
      15
       6
      20
      18
      14
      12
      13
      10
       7
       9
       8
      16
       5
       6
      15
       7
       7
       7
       5
       6
       6
       4
       5
       5
       7
       7
       5
       6
       2
       4
       4
       3
       3
       4
       5
       3
       6
       9
       4
       4
       4
       5
       1
       5
       6
       7
       2
       1
       1
       2
       2
       4
       3
       2
       3
       5
       1
       4
       2
       0
       4
       2
       3
       2
       4
       3
       5
       6
       3
       1
       1
       5
       5
       4
       2
       0
       4
       2
       5
       3
       2
       4
       2
       4
       2
       4
       3
       4
       3
       4
       0
       3
       2
       7
       5
       2
       4
       4
       4
       4
       2
       7
       6
       3
       3
       2
       7
       3
       5
       5
       5
       0
       6
       5
       4
       3
       1
       4
       2
       5
       3
       5
       3
       1
       6
       5
       3
       2
       4
       6
       8
       3
       7
       4
       9
       2
       3
       7
       6
       7
       5
       2
       3
       9
       4
       4
       1
       2
       1
       2
       1
       0
       4
       2
       4
       1
       3
       3
       2
       4
       4
       7
       5
       6
       4
       2
       4
       2
       3
       1
       1
       1
       3
       1
       1
       4
       1
       2
       1
       2
       2
       3
       5
       0
       3
       2
       0
       1
       2
       2
       1
       2
       1
       2
       2
       1
       0
       0
       1
       3
       0
       2
       0
       2
       0
       2
       0
       2
       0
       3
       0
       1
       0
       1
       1
       1
       1
       1
       0
       0
       2
       1
       0
       0
       0
       1
       0
       2
       0
       1
       1
       0
       2
       2
       2
       0
       1
       2
       0
       1
       0
       1
       1
       2
       3
       2
       1
       2
       1
       1
       2
       0
       0
       0
       1
       0
       2
       0
       1
       2
       1
       1
       0
       0
       0
       3
       0
       0
       0
       0
       0
       1
       3
       2
$ROI:
0
$PRESETS:
None
0
0
$ENER_FIT:
0.000000 2.191293
$MCA_CAL:
3
0.000000E+000 2.191293E+000 0.000000E+000 keV
$SHAPE_CAL:
3
1.167119E+001 0.000000E+000 0.000000E+000
