$SPEC_ID:
No sample description was entered.
$SPEC_REM:
DET# 2
DETDESC# SPACESCIENCE8 digiBASE-RH SN 15121449
AP# Maestro Version 7.01
$DATE_MEA:
10/02/2024 15:49:44
$MEAS_TIM:
149 150
$DATA:
0 1023
       0
       0
       0
       0
       0
       0
       0
       0
       0
       0
    1073
    3463
    3002
    2678
    2802
    3070
    3824
    4862
    6397
    8001
    9634
   11191
   13293
   14783
   16188
   16667
   16430
   16129
   14762
   13460
   11688
    9812
    7892
    6211
    4896
    3604
    2593
    1923
    1384
     907
     665
     478
     357
     256
     249
     187
     173
     187
     137
     138
     161
     140
     139
     134
     144
     134
     111
     115
     125
     108
      92
      93
     105
      89
     112
      96
      81
      86
      95
      89
      89
      72
      91
      95
      93
      80
      78
      65
      67
      70
      74
      64
      66
      61
      73
      69
      62
      66
      60
      56
      55
      68
      68
      47
      58
      63
      60
      59
      48
      61
      53
      59
      58
      53
      52
      52
      65
      49
      51
      35
      44
      47
      36
      49
      47
      41
      45
      39
      41
      40
      44
      34
      38
      50
      32
      38
      33
      31
      36
      43
      27
      39
      38
      29
      30
      30
      39
      30
      31
      40
      23
      26
      30
      26
      31
      34
      26
      34
      41
      35
      36
      26
      27
      22
      30
      20
      22
      27
      21
      30
      25
      26
      23
      25
      19
      33
      24
      23
      14
      26
      22
      23
      22
      24
      23
      19
      16
      20
      12
      15
      19
      23
      18
      23
      14
      14
      26
      17
      21
      19
      17
      17
      16
      17
      16
      10
      15
      14
      11
      13
      17
      15
      15
      21
      14
      10
      17
      13
      18
      12
      15
      14
       9
      20
       9
      13
      13
      16
      10
      15
      23
      10
      16
      14
       8
      11
      21
      12
      17
      15
      11
      10
       6
      12
      14
      10
      21
      16
      15
      13
      14
      15
      12
       5
      12
       9
       6
      13
      13
      17
      14
      10
       9
      16
      10
      14
       8
      12
       5
      14
       9
      10
      15
      16
      12
      11
      12
      14
      10
      14
      10
       5
       9
      14
       8
       7
      11
      13
      12
       7
      17
      13
      12
      10
      10
      12
      11
       9
      18
      13
      11
      16
      13
      12
      14
      24
       8
      13
      11
      20
      13
      15
       9
      14
      18
      20
      14
      12
      12
      18
      14
      16
      10
      26
      13
      22
      25
      19
      17
      14
      18
      13
      15
      24
      24
      22
      19
      19
      21
      16
      18
      11
      18
      17
      18
      19
      15
      19
      11
      13
       7
       7
      13
      16
      13
       9
      10
       9
       8
       9
       9
       5
       6
       6
       4
      11
       7
       7
       7
       7
       3
       6
       8
       4
       4
       5
       4
       5
       6
       4
       6
       6
       3
       2
       5
       6
       4
       3
       5
       7
      13
       4
       5
       6
       6
       3
       5
       5
       1
       8
       7
       4
       5
       4
       4
       2
       5
       3
       7
       3
       1
       6
       2
       2
       2
       1
       4
       5
       1
       9
       5
       5
       1
       3
       4
       2
       3
       5
       3
       2
       2
       1
       3
       5
       3
       4
       4
       5
       3
      10
       7
       7
       1
       8
       0
       3
       5
       5
       5
       4
       7
       0
       3
       6
       1
       3
       1
       2
       8
       6
       5
       3
       6
       2
       2
       3
       3
       3
       5
       3
       6
       4
       5
       3
       7
       2
       4
       4
       6
       5
       4
       4
       4
       3
       2
       2
       5
       6
       6
       1
       0
       0
       2
       1
       4
       6
       9
       8
       2
       1
       2
       3
       4
       2
       4
       0
       2
       5
       5
       5
       2
       1
       0
       5
       2
       1
       3
       4
       2
       0
       3
       2
       2
       1
       1
       5
       3
       2
       1
       1
       2
       0
       4
       4
       4
       3
       2
       2
       0
       4
       1
       5
       3
       1
       6
       2
       2
       6
       5
       3
       4
       4
       1
       2
       4
       0
       2
       1
       4
       3
       3
       4
       5
       0
       2
       3
       3
       2
       2
       3
       1
       3
       3
       4
       3
       3
       3
       0
       3
       2
       3
       2
       3
       2
       1
       2
       3
       2
       2
       3
       2
       2
       3
       4
       2
       0
       2
       2
       3
       1
       2
       0
       1
       1
       2
       4
       0
       2
       5
       1
       1
       1
       2
       1
       0
       2
       2
       0
       0
       2
       0
       1
       2
       3
       0
       4
       0
       1
       1
       2
       3
       1
       1
       3
       1
       2
       1
       0
       1
       3
       2
       1
       0
       3
       3
       3
       0
       2
       0
       1
       1
       0
       0
       1
       2
       5
       2
       1
       1
       1
       1
       0
       4
       0
       2
       0
       3
       1
       2
       2
       3
       1
       2
       2
       2
       0
       1
       3
       0
       3
       3
       5
       1
       4
       2
       2
       2
       2
       5
       1
       3
       2
       4
       1
       3
       3
       4
       6
       3
       2
       2
       4
       2
       3
       2
       3
       6
       1
       5
       3
       3
       8
       6
       6
       4
       3
       6
       2
       3
       5
       4
       7
       2
       9
       3
       6
       8
       4
       5
       7
       5
       5
       4
       3
       3
       5
       2
       6
       5
       9
       1
       4
       4
       3
       2
       3
       8
       6
       5
       1
       3
       7
       0
       4
       2
       5
       4
       2
       4
       1
       3
       2
       4
       1
       2
       4
       3
       4
       5
       1
       2
       0
       4
       2
       3
       1
       1
       3
       0
       0
       2
       0
       1
       1
       2
       1
       0
       0
       0
       0
       0
       0
       1
       0
       2
       1
       0
       1
       0
       1
       0
       0
       2
       0
       1
       0
       1
       0
       0
       1
       1
       0
       1
       0
       0
       0
       1
       0
       1
       0
       2
       0
       0
       0
       0
       0
       0
       1
       1
       0
       1
       2
       1
       0
       1
       0
       0
       0
       2
       1
       2
       1
       1
       1
       1
       0
       0
       0
       1
       0
       2
       0
       0
       0
       0
       1
       1
       2
       2
       2
       1
       0
       0
       1
       2
       1
       2
       0
       2
       1
       2
       1
       2
       1
       1
       0
       3
       1
       2
       2
       1
       1
       3
       1
       1
       1
       0
       0
       1
       1
       3
       0
       1
       1
       1
       3
       1
       2
       1
       1
       1
       1
       3
       3
       0
       0
       0
       0
       1
       1
       1
       2
       1
       1
       2
       1
       2
       0
       0
       0
       0
       1
       0
       0
       1
       0
       0
       0
       1
       0
       0
       0
       0
       1
       0
       0
       3
       1
       1
       1
       0
       0
       1
       0
       0
       0
       1
       0
       0
       0
       0
       1
       0
       1
       0
       0
       1
       0
       0
       0
       0
       0
       0
       0
       0
       0
       2
       0
       0
       1
       0
       0
       0
       0
       0
       0
       0
       0
       1
       0
       0
       0
       0
       0
       0
       0
       0
       0
       1
       0
       0
       0
       0
       1
       0
       1
       0
       1
       0
       2
       0
       1
       1
       0
       0
       1
       0
       1
       0
       0
       0
       0
       0
       1
       1
       1
       0
       1
       1
       0
       0
       0
       0
       1
       0
       0
       0
       0
       0
       1
       0
       0
       0
       0
$ROI:
0
$PRESETS:
None
0
0
$ENER_FIT:
0.000000 2.191293
$MCA_CAL:
3
0.000000E+000 2.191293E+000 0.000000E+000 keV
$SHAPE_CAL:
3
1.167119E+001 0.000000E+000 0.000000E+000
