$SPEC_ID:
No sample description was entered.
$SPEC_REM:
DET# 2
DETDESC# SPACESCIENCE8 digiBASE-RH SN 15121449
AP# Maestro Version 7.01
$DATE_MEA:
10/02/2024 14:34:22
$MEAS_TIM:
149 150
$DATA:
0 1023
       0
       0
       0
       0
       0
       0
       0
       0
       0
       0
     453
    1725
    1960
    2145
    2178
    1853
    1657
    1363
    1152
     945
     746
     602
     573
     496
     461
     447
     433
     443
     422
     445
     454
     472
     460
     484
     504
     469
     483
     544
     516
     482
     519
     508
     468
     522
     535
     549
     529
     539
     522
     523
     518
     524
     537
     514
     522
     522
     519
     497
     529
     533
     524
     530
     564
     565
     563
     518
     578
     577
     554
     505
     539
     567
     519
     571
     532
     542
     575
     573
     563
     583
     564
     569
     611
     600
     594
     653
     637
     619
     686
     636
     706
     677
     665
     675
     696
     702
     684
     718
     737
     722
     659
     698
     692
     699
     649
     627
     668
     692
     660
     648
     622
     658
     651
     655
     591
     658
     597
     598
     595
     574
     602
     592
     561
     578
     608
     587
     549
     557
     531
     594
     559
     597
     529
     525
     543
     529
     523
     581
     507
     509
     523
     477
     483
     506
     464
     458
     468
     488
     419
     435
     434
     436
     485
     472
     442
     421
     434
     397
     424
     393
     432
     430
     427
     380
     371
     365
     415
     412
     379
     367
     335
     336
     382
     342
     369
     366
     350
     333
     319
     333
     302
     314
     359
     313
     316
     313
     320
     312
     300
     307
     333
     315
     318
     323
     318
     266
     281
     294
     250
     300
     282
     248
     265
     267
     261
     266
     235
     247
     249
     244
     265
     255
     232
     233
     235
     242
     233
     235
     240
     223
     256
     212
     202
     222
     185
     208
     204
     197
     197
     204
     177
     183
     177
     181
     172
     150
     178
     156
     143
     149
     142
     133
     156
     162
     125
     130
     133
     134
     106
     129
     115
     148
      98
     106
     106
     103
      99
     101
      88
      91
     122
      78
      92
      95
      76
     103
      72
      84
     101
      93
      98
      87
     101
      93
      88
     105
      98
     120
     133
     109
     133
     137
     149
     163
     156
     178
     189
     244
     234
     249
     266
     300
     299
     330
     354
     428
     440
     500
     552
     587
     616
     710
     739
     833
     940
    1033
    1135
    1175
    1313
    1400
    1459
    1564
    1645
    1831
    1937
    2023
    2180
    2214
    2371
    2368
    2466
    2573
    2712
    2838
    2947
    2908
    2957
    3077
    3124
    3175
    3035
    3122
    3082
    3083
    3093
    3009
    3025
    2915
    2869
    2778
    2806
    2761
    2523
    2406
    2364
    2254
    2106
    2052
    1860
    1850
    1701
    1583
    1578
    1459
    1212
    1239
    1107
    1041
     908
     861
     724
     722
     606
     567
     478
     513
     429
     340
     327
     309
     276
     231
     207
     166
     144
     118
     111
      84
      85
      59
      64
      73
      42
      48
      32
      47
      34
      25
      26
      20
      13
      12
      12
       6
      11
      12
       6
       9
      16
       8
       7
       5
      10
       6
       4
      10
       8
       6
       6
       5
       8
       9
       7
       4
       6
       6
       3
       7
       3
      15
       2
       4
       2
       3
       5
       4
       6
       6
       7
       4
       5
       6
       6
       2
       2
       4
       9
       8
       6
       5
       3
       8
       5
       7
       7
       8
       3
       2
       4
       8
       3
       9
       6
       5
       4
       7
       5
       9
       2
       5
       2
       8
       5
       7
       5
       5
       7
       6
       4
       5
       6
       4
       7
       8
       6
       9
       6
       7
       4
       8
       8
       3
       6
       6
       3
       3
       7
       4
      10
       5
       9
       4
       8
       6
       0
       4
       1
       3
       5
       4
       5
       5
       3
       1
       7
      10
       3
       5
       5
       3
       2
       2
       4
       5
       2
       4
       3
       4
       6
       3
       6
       6
       7
       1
       2
       3
       5
       3
       4
       3
       8
       5
       5
       2
       4
       6
       3
       7
       6
       3
       9
       4
       2
       3
       2
       3
       6
       4
       8
       3
       2
       2
       1
       4
       5
       6
       7
       3
       3
       4
       4
       1
       6
       6
       7
       4
       4
       3
       7
       2
       4
       5
       4
       3
       4
       3
       3
       8
       2
       0
       4
       7
       1
       4
       3
       0
       0
       2
       6
       5
       3
       1
       0
       0
       2
       4
       3
       4
       3
       2
       2
       4
       1
       1
       5
       4
       4
       1
       2
       2
       3
       3
       2
       2
       1
       5
       3
       1
       4
       3
       5
       4
       3
       1
       8
       1
       1
       6
       4
       7
       1
       1
       2
       6
       2
       6
       3
       6
       3
       4
       4
       2
       0
       5
       4
       2
       9
       4
       2
       4
       5
       2
       3
       3
       0
       2
       2
       2
       5
       1
       2
       3
       3
       3
       1
       3
       3
       2
       1
       3
       4
       3
       0
       2
       6
       1
       3
       3
       3
       1
       4
       0
       1
       2
       3
       2
       6
       4
       4
       7
       1
       0
       2
       2
       8
       3
       4
       2
       3
       1
       4
       5
       6
       5
       3
       4
       2
       2
       2
       2
       3
       3
       6
       3
       5
       5
       6
       6
       8
       6
       8
       6
       8
       8
       4
       2
       9
       8
      10
       7
       3
       5
       4
       6
       6
       3
       7
       2
       2
       8
       3
       3
       3
       1
       2
       3
       3
       3
       4
       4
       6
       3
       3
       3
       5
       7
       5
       2
       3
       1
       2
       6
       3
       4
       4
       2
       3
       1
       4
       4
       3
       2
       1
       3
       3
       3
       0
       1
       1
       0
       4
       2
       0
       1
       1
       2
       1
       0
       0
       1
       4
       2
       3
       3
       3
       1
       0
       1
       1
       0
       1
       3
       2
       3
       1
       1
       0
       0
       1
       0
       0
       0
       2
       0
       0
       0
       0
       1
       1
       0
       0
       2
       1
       0
       1
       0
       1
       0
       1
       1
       0
       0
       0
       1
       4
       0
       0
       0
       1
       1
       1
       1
       0
       1
       3
       1
       1
       2
       0
       0
       1
       0
       0
       1
       0
       0
       1
       0
       3
       0
       1
       0
       0
       1
       1
       0
       1
       0
       0
       1
       1
       1
       1
       0
       1
       0
       2
       2
       3
       0
       3
       2
       1
       1
       0
       0
       0
       0
       2
       2
       0
       0
       0
       2
       2
       2
       3
       0
       1
       2
       1
       1
       1
       1
       0
       0
       1
       1
       0
       3
       2
       1
       1
       1
       1
       1
       1
       1
       0
       2
       0
       0
       0
       2
       0
       1
       0
       0
       0
       0
       0
       0
       0
       0
       0
       1
       0
       1
       0
       1
       0
       1
       0
       2
       0
       0
       4
       0
       0
       2
       0
       0
       0
       3
       1
       0
       0
       0
       0
       1
       0
       0
       0
       0
       0
       0
       0
       0
       0
       1
       0
       0
       0
       0
       0
       0
       1
       1
       0
       0
       1
       0
       1
       0
       0
       1
       0
       0
       0
       0
       1
       0
       0
       1
       1
       0
       0
       0
       0
       0
       0
       0
       0
       0
       0
       0
       0
       0
       2
       0
       0
       0
       1
       0
       0
       0
       0
       0
       0
       0
       0
       0
       0
       0
$ROI:
0
$PRESETS:
None
0
0
$ENER_FIT:
0.000000 2.191293
$MCA_CAL:
3
0.000000E+000 2.191293E+000 0.000000E+000 keV
$SHAPE_CAL:
3
1.167119E+001 0.000000E+000 0.000000E+000
